6.829975798529092756e+00
3.287955442827199537e+00
1.014783507757443859e+00
3.957610527359246011e-01
1.775885481780770103e-01
8.863674748959766980e-02
4.874777218235282206e-02
2.801037383807435110e-02
1.674468550559948463e-02
1.056754996570861797e-02
6.659414526105389941e-03
4.391709866945928825e-03
2.842241428317002650e-03
2.025749097907846193e-03
1.400451212299218609e-03
9.932922854038676429e-04
7.625848620973992888e-04
5.174696926671622363e-04
6.681056991907909862e-04
3.703587026313850342e-04
2.183008924244253675e-04
1.247129298610501322e-04
7.737428671049662043e-05
8.679318965973197800e-05
