1.576975380622200618e+01
7.049338159770456969e+00
3.801900347677828584e+00
2.301281359131595039e+00
1.505368791688021624e+00
9.874249557852753378e-01
6.993973412958810476e-01
4.949339858158747774e-01
3.752894687429663145e-01
2.723849905107265101e-01
2.072699597381558179e-01
1.574100698434534595e-01
1.238818949208248948e-01
9.945579491252826143e-02
7.949579788568446326e-02
6.350975345092624291e-02
5.126377772870763933e-02
3.953497409223036274e-02
5.804592211270714203e-02
3.935500301342308160e-02
2.800714127444910162e-02
1.875429754574594113e-02
1.310588299558434165e-02
1.821205892147441038e-02
