-9.568549867414718619e+02
-3.761044727916037118e+02
-1.987128891061423133e+02
-1.159358454142334836e+02
-7.346145479672294698e+01
-4.867673063326205352e+01
-3.376310792324786547e+01
-2.475369218469115751e+01
-1.751032349067342864e+01
-1.359660638378950104e+01
-1.019640636261110167e+01
-7.804311912669541051e+00
-5.969639888548299744e+00
-4.778061632411591653e+00
-3.653022664792575647e+00
-3.027498360900059637e+00
-2.462679792059045525e+00
-1.998441868490026252e+00
-2.818694210040822323e+00
-1.965511292689404721e+00
-1.309328119087465048e+00
-9.074117126064126237e-01
-6.078293323624636146e-01
-8.499629397353521965e-01
