5.537627112990124445e+00
5.135009359960296393e+00
4.744956780170224597e+00
4.367920240119532949e+00
3.821216423453126065e+00
3.416033163743493528e+00
3.161424490103014850e+00
2.817716826603235969e+00
2.541732593354729897e+00
2.317621967529170934e+00
2.043099850137929163e+00
1.864559372668011417e+00
1.675251641173433059e+00
1.459622357388947522e+00
1.314464891664448798e+00
1.177161709889972041e+00
1.111354715638985802e+00
9.959933689770279486e-01
1.652490058264744821e+00
1.317294128045832791e+00
1.069873961815036134e+00
8.523893524950622025e-01
6.997564947885352993e-01
1.176194020716213595e+00
