2.235775228686628147e+00
1.113769318095142458e+00
5.947955484721577646e-01
3.620057273307344392e-01
2.272348343452139097e-01
1.528451186389611083e-01
1.084943161133852807e-01
7.770944719997492645e-02
5.641371525322805974e-02
4.232320731391482627e-02
3.247954655155647907e-02
2.481651816954158138e-02
1.905437717125077479e-02
1.513212695554996996e-02
1.202724885939247638e-02
9.745750775052481468e-03
7.833141631124985668e-03
5.906723001897508200e-03
9.194280957667610998e-03
6.135310310812068513e-03
4.165104441099961446e-03
2.833140639042359011e-03
1.988242596712447990e-03
2.751981324792727134e-03
