8.463865201213948808e+01
4.407742585963335102e+01
2.347954358920265250e+01
1.427944877109246136e+01
9.459377970857673290e+00
6.133272154334405535e+00
4.448157446058041309e+00
3.168679590488624243e+00
2.327066252183870976e+00
1.766406856233341038e+00
1.346300012356474340e+00
1.031884949455475597e+00
7.974393809608979478e-01
6.324952260232431511e-01
4.826117134085821658e-01
4.052802100060225454e-01
3.087822786109599149e-01
2.589328480569978996e-01
3.753839244740536096e-01
2.649950714300702281e-01
1.779694778618976236e-01
1.212558523253466219e-01
8.642729580969792103e-02
1.179649103156413248e-01
