1.163742965082472303e+01
9.751985295915511998e+00
8.540050415880122259e+00
7.573479595441675372e+00
6.770730898332469216e+00
5.883812122000288802e+00
5.325103664851792651e+00
4.852445631080552602e+00
4.271455121650179265e+00
3.845834127921329504e+00
3.341155097996497236e+00
3.032178023125770228e+00
2.816641832736080264e+00
2.477934701571400389e+00
2.166798927177904233e+00
1.962805422885915974e+00
1.782913230531929072e+00
1.598376456926451139e+00
2.689456688529248130e+00
2.142926753299403853e+00
1.732904380210105399e+00
1.401626955626660065e+00
1.111830986521067377e+00
1.869634459878782629e+00
