2.075180782361366312e+02
8.543748706149052907e+01
4.468128034469121701e+01
2.610880515823999914e+01
1.647435997342876490e+01
1.111465970665209646e+01
7.517710489314218592e+00
5.458990795472280055e+00
3.967837340083996800e+00
2.939142747210399254e+00
2.301631180867856230e+00
1.695535470439923698e+00
1.347710929701018578e+00
1.052632540093279001e+00
8.325277561627612011e-01
6.526403120132047153e-01
5.279972053439423441e-01
4.256385609447411178e-01
6.386070673110647578e-01
4.211791577791337837e-01
2.881744091302075317e-01
1.993138798715632931e-01
1.338779706052540264e-01
1.855889347875237239e-01
