3.871796092454070504e+01
6.052121648227549500e+00
1.834368776339252438e+00
7.325970585447564298e-01
3.316057540930273939e-01
1.607380601366369122e-01
8.953007169408669363e-02
5.015727210831017607e-02
3.052282435208026820e-02
1.922144825232469101e-02
1.248936022827037799e-02
8.248674059353686139e-03
5.421641669270229127e-03
3.707955174370334769e-03
2.630951837417966430e-03
1.869704102892647988e-03
1.346770716914203522e-03
9.837338316973946381e-04
1.241528514927483021e-03
6.977737033623210251e-04
4.085849297308318494e-04
2.352258551283429580e-04
1.428622945169420592e-04
1.616376543573024038e-04
