-5.790344683643863277e+01
-1.193940196274234999e+01
-3.746097858696482596e+00
-1.448275094852617961e+00
-6.512737156269624572e-01
-3.284793687959030595e-01
-1.675167001572822056e-01
-9.615723036334991591e-02
-6.099899337475679639e-02
-3.710125461981460954e-02
-2.465699933691912343e-02
-1.577667680389501295e-02
-1.078869415488185185e-02
-7.147616221879865908e-03
-5.364822014752477879e-03
-3.517497514335917244e-03
-2.495926714867688356e-03
-1.766839746913498365e-03
-2.487306667914904700e-03
-1.345377324269297209e-03
-7.409044549689506633e-04
-4.401587497004674603e-04
-2.655487855751454611e-04
-2.973429893758338370e-04
