-1.643620871803431083e+00
-8.638304352271630737e-01
-4.786271474422313377e-01
-2.926066381115833281e-01
-1.895789088205987738e-01
-1.277720103633078474e-01
-9.119640387802248338e-02
-6.512965747520441107e-02
-4.861089607186558359e-02
-3.636384750889098960e-02
-2.744855518524785820e-02
-2.115461973975443777e-02
-1.641545709278573184e-02
-1.264340814419435272e-02
-1.052343190525787363e-02
-8.291749498727903761e-03
-6.763155986990425882e-03
-5.380801948355475040e-03
-7.948677362033113036e-03
-5.296565840385579309e-03
-3.717967696568169004e-03
-2.564051319212247264e-03
-1.752284054279591892e-03
-2.451638938337657482e-03
