2.413571612499499253e+00
7.908014647681692599e-01
2.462533144542365660e-01
9.434469889291492717e-02
4.282827862495853372e-02
2.076548035967714159e-02
1.138120763231407345e-02
6.413491001521127305e-03
3.976398411200572636e-03
2.358415764080650304e-03
1.572257695161402048e-03
1.020127847964225325e-03
6.891513942892130845e-04
4.722771534477062608e-04
3.299668413468802449e-04
2.375306096790142892e-04
1.634062439394057850e-04
1.222122580709411512e-04
1.546712104651947752e-04
8.609028887464765644e-05
5.019225868046227389e-05
2.861978474451145683e-05
1.800862843283577975e-05
1.968460852668996527e-05
