6.605461963116709967e+01
3.357144875864018019e+01
1.726339351025233526e+01
1.022256661742149930e+01
6.251503278770179861e+00
4.172962921059116148e+00
2.942610864774533042e+00
2.144426179937541477e+00
1.527481025778096413e+00
1.133124275456149022e+00
8.588474440400974963e-01
6.666447805483208811e-01
5.232378864487984282e-01
4.123282958867483527e-01
3.244072739286760210e-01
2.455772608822037462e-01
2.025766974033253454e-01
1.604611908205204884e-01
2.425461445918804804e-01
1.649148804803163004e-01
1.112652761363788767e-01
7.434608072919376975e-02
5.246097117232306067e-02
7.235459585825144979e-02
