-1.282150900226465922e+02
-2.792295663202705569e+01
-9.294837666950275690e+00
-3.613386407687288138e+00
-1.619145024458353177e+00
-7.938824859065735096e-01
-4.256010052847608582e-01
-2.452132738699816517e-01
-1.444416149387677817e-01
-9.106573602678375012e-02
-5.995580674382144926e-02
-3.849694618818248759e-02
-2.665503680945801798e-02
-1.869926577291147404e-02
-1.241293332044209573e-02
-9.078696233875648697e-03
-5.741729248489599660e-03
-4.592785001291507969e-03
-5.848267842652955968e-03
-3.361062542710473947e-03
-1.884208282062682736e-03
-1.137175826090985583e-03
-6.502588545386910231e-04
-7.587622809940683562e-04
