3.555463104739974067e+00
8.433548739599895372e-01
-3.799509858700000214e-02
-4.788487444250021374e-01
-7.780723741160041618e-01
-7.998007479820028465e-01
-6.480741480910017227e-01
-7.093504717710019669e-01
-7.522029303660071609e-01
-6.451471628640058631e-01
-6.921141681550061486e-01
-5.833524689030092913e-01
-5.390034403610042268e-01
-4.883422577800028974e-01
-4.645565686490016333e-01
-3.759886421460031936e-01
-3.665076983420028078e-01
-3.297241216360000671e-01
-6.522783210000141496e-01
-4.784764003800084931e-01
-4.298899143159982117e-01
-3.787742797639915837e-01
-3.155196543670000242e-01
-5.409860873809767545e-01
