3.723476263285888876e+02
2.571909523855950965e+02
2.121357018179823228e+02
1.795610969329709405e+02
1.558281599442798040e+02
1.348284858842971232e+02
1.234081815062945822e+02
1.062408112216961058e+02
9.624779233030039904e+01
8.288471423070042476e+01
7.670765309999946169e+01
6.787305619070625085e+01
6.100286402759894600e+01
5.362388538379732950e+01
4.767161111819751085e+01
4.491498854829791298e+01
3.911758624929881734e+01
3.411368065720046161e+01
5.946610195609836325e+01
4.803021819429709183e+01
3.775959684510124248e+01
3.101446872280370215e+01
2.413045201780088078e+01
4.136187020870891473e+01
