5.046759350498048136e+00
5.354223398740575846e+00
4.737019248305795571e+00
4.524494601011469719e+00
3.938177818289375409e+00
3.640920437063053683e+00
3.246537422967202602e+00
2.916106953509136179e+00
2.622143339666237249e+00
2.365192650961172927e+00
2.192750093690032820e+00
1.899417377914121241e+00
1.682227393209075883e+00
1.553457206787081768e+00
1.368414526344077897e+00
1.303837967949071919e+00
1.106475077471053226e+00
1.024849945652025696e+00
1.702391992611163030e+00
1.420470155989134176e+00
1.120039288427990831e+00
9.008554756779799666e-01
7.221376930819873863e-01
1.241803907381812566e+00
