-9.900000e-01   2.883260e+02
-9.800000e-01   2.824668e+02
-9.700000e-01   2.766869e+02
-9.600000e-01   2.709407e+02
-9.500000e-01   2.652941e+02
-9.400000e-01   2.599763e+02
-9.300000e-01   2.544235e+02
-9.200000e-01   2.496553e+02
-9.100000e-01   2.441989e+02
-9.000000e-01   2.388266e+02
-8.900000e-01   2.334849e+02
-8.800000e-01   2.282193e+02
-8.700000e-01   2.230202e+02
-8.600000e-01   2.178717e+02
-8.500000e-01   2.128674e+02
-8.400000e-01   2.078557e+02
-8.300000e-01   2.030919e+02
-8.200000e-01   1.982290e+02
-8.100000e-01   1.938097e+02
-8.000000e-01   1.893020e+02
-7.900000e-01   1.845495e+02
-7.800000e-01   1.798821e+02
-7.700000e-01   1.752540e+02
-7.600000e-01   1.707074e+02
-7.500000e-01   1.662054e+02
-7.400000e-01   1.617635e+02
-7.300000e-01   1.574306e+02
-7.200000e-01   1.532290e+02
-7.100000e-01   1.489767e+02
-7.000000e-01   1.447961e+02
-6.900000e-01   1.406397e+02
-6.800000e-01   1.365470e+02
-6.700000e-01   1.325217e+02
-6.600000e-01   1.285515e+02
-6.500000e-01   1.246641e+02
-6.400000e-01   1.208275e+02
-6.300000e-01   1.170505e+02
-6.200000e-01   1.133288e+02
-6.100000e-01   1.096554e+02
-6.000000e-01   1.060636e+02
-5.900000e-01   1.025046e+02
-5.800000e-01   9.928683e+01
-5.700000e-01   9.600556e+01
-5.600000e-01   9.263418e+01
-5.500000e-01   8.932051e+01
-5.400000e-01   8.606863e+01
-5.300000e-01   8.287701e+01
-5.200000e-01   7.975096e+01
-5.100000e-01   7.669757e+01
-5.000000e-01   7.367620e+01
-4.900000e-01   7.073843e+01
-4.800000e-01   6.784647e+01
-4.700000e-01   6.501107e+01
-4.600000e-01   6.228001e+01
-4.500000e-01   5.978516e+01
-4.400000e-01   5.713229e+01
-4.300000e-01   5.457624e+01
-4.200000e-01   5.203103e+01
-4.100000e-01   4.955294e+01
-4.000000e-01   4.728269e+01
-3.900000e-01   4.492123e+01
-3.800000e-01   4.261370e+01
-3.700000e-01   4.037555e+01
-3.600000e-01   3.819289e+01
-3.500000e-01   3.606869e+01
-3.400000e-01   3.396389e+01
-3.300000e-01   3.450258e+01
-3.200000e-01   3.258119e+01
-3.100000e-01   3.108732e+01
-3.000000e-01   2.931909e+01
-2.900000e-01   2.746956e+01
-2.800000e-01   2.571265e+01
-2.700000e-01   2.398352e+01
-2.600000e-01   2.232393e+01
-2.500000e-01   2.072437e+01
-2.400000e-01   1.919010e+01
-2.300000e-01   1.771767e+01
-2.200000e-01   1.639785e+01
-2.100000e-01   1.500311e+01
-2.000000e-01   1.370475e+01
-1.900000e-01   1.262557e+01
-1.800000e-01   1.155778e+01
-1.700000e-01   1.050903e+01
-1.600000e-01   9.516652e+00
-1.500000e-01   8.525685e+00
-1.400000e-01   7.556875e+00
-1.300000e-01   6.697480e+00
-1.200000e-01   5.866989e+00
-1.100000e-01   5.206002e+00
-1.000000e-01   4.486136e+00
-9.000000e-02   3.834083e+00
-8.000000e-02   3.315828e+00
-7.000000e-02   2.781449e+00
-6.000000e-02   2.315830e+00
-5.000000e-02   1.955566e+00
-4.000000e-02   1.636028e+00
-3.000000e-02   1.347140e+00
-2.000000e-02   1.116635e+00
-1.000000e-02   9.703623e-01
7.528700e-16   8.436263e-01
1.000000e-02   8.204863e-01
2.000000e-02   8.591794e-01
3.000000e-02   9.131843e-01
4.000000e-02   1.046769e+00
5.000000e-02   1.233663e+00
6.000000e-02   1.484676e+00
7.000000e-02   1.783163e+00
8.000000e-02   2.149295e+00
9.000000e-02   2.571847e+00
1.000000e-01   3.063181e+00
1.100000e-01   3.604357e+00
1.200000e-01   4.203520e+00
1.300000e-01   4.862152e+00
1.400000e-01   5.579224e+00
1.500000e-01   6.356565e+00
1.600000e-01   7.194443e+00
1.700000e-01   8.091260e+00
1.800000e-01   9.048097e+00
1.900000e-01   1.006627e+01
2.000000e-01   1.114578e+01
2.100000e-01   1.228016e+01
2.200000e-01   1.347852e+01
2.300000e-01   1.473735e+01
2.400000e-01   1.605678e+01
2.500000e-01   1.743683e+01
2.600000e-01   1.887780e+01
2.700000e-01   2.037941e+01
2.800000e-01   2.195003e+01
2.900000e-01   2.357486e+01
3.000000e-01   2.526196e+01
3.100000e-01   2.702547e+01
3.200000e-01   2.882027e+01
3.300000e-01   3.067052e+01
3.400000e-01   3.262022e+01
3.500000e-01   3.460543e+01
3.600000e-01   3.667224e+01
3.700000e-01   3.878308e+01
3.800000e-01   4.096186e+01
3.900000e-01   4.320338e+01
4.000000e-01   4.547872e+01
4.100000e-01   4.782161e+01
4.200000e-01   5.030146e+01
4.300000e-01   5.279283e+01
4.400000e-01   5.533249e+01
4.500000e-01   5.790161e+01
4.600000e-01   6.056938e+01
4.700000e-01   6.330779e+01
4.800000e-01   6.612874e+01
4.900000e-01   6.896436e+01
5.000000e-01   7.187298e+01
5.100000e-01   7.488138e+01
5.200000e-01   7.793757e+01
5.300000e-01   8.103285e+01
5.400000e-01   8.427369e+01
5.500000e-01   8.746208e+01
5.600000e-01   9.073724e+01
5.700000e-01   9.415882e+01
5.800000e-01   9.755377e+01
5.900000e-01   1.011356e+02
6.000000e-01   1.046695e+02
6.100000e-01   1.082529e+02
6.200000e-01   1.119279e+02
6.300000e-01   1.189702e+02
6.400000e-01   1.277828e+02
6.500000e-01   1.318065e+02
6.600000e-01   1.358368e+02
6.700000e-01   1.402680e+02
6.800000e-01   1.450449e+02
6.900000e-01   1.499597e+02
7.000000e-01   1.542667e+02
7.100000e-01   1.586505e+02
7.200000e-01   1.631118e+02
7.300000e-01   1.676413e+02
7.400000e-01   1.722015e+02
7.500000e-01   1.768533e+02
7.600000e-01   1.815696e+02
7.700000e-01   1.864078e+02
7.800000e-01   1.921181e+02
7.900000e-01   1.969771e+02
8.000000e-01   2.019761e+02
8.100000e-01   2.076900e+02
8.200000e-01   2.128395e+02
8.300000e-01   2.179313e+02
8.400000e-01   2.231106e+02
8.500000e-01   2.285253e+02
8.600000e-01   2.348621e+02
8.700000e-01   2.402197e+02
8.800000e-01   2.463902e+02
8.900000e-01   2.523044e+02
9.000000e-01   2.578456e+02
9.100000e-01   2.634534e+02
9.200000e-01   2.691915e+02
9.300000e-01   2.750703e+02
9.400000e-01   2.811856e+02
9.500000e-01   2.874702e+02
9.600000e-01   2.940823e+02
9.700000e-01   3.007159e+02
9.800000e-01   3.077079e+02
9.900000e-01   3.142045e+02
1.000000e+00   3.207519e+02
