-9.900000e-02   2.558375e+02
-9.800000e-02   2.507879e+02
-9.700000e-02   2.457872e+02
-9.600000e-02   2.408344e+02
-9.500000e-02   2.359305e+02
-9.400000e-02   2.310753e+02
-9.300000e-02   2.262689e+02
-9.200000e-02   2.215112e+02
-9.100000e-02   2.168024e+02
-9.000000e-02   2.121424e+02
-8.900000e-02   2.075315e+02
-8.800000e-02   2.029695e+02
-8.700000e-02   1.984566e+02
-8.600000e-02   1.939928e+02
-8.500000e-02   1.895783e+02
-8.400000e-02   1.852129e+02
-8.300000e-02   1.808971e+02
-8.200000e-02   1.766302e+02
-8.100000e-02   1.724128e+02
-8.000000e-02   1.682450e+02
-7.900000e-02   1.641267e+02
-7.800000e-02   1.600592e+02
-7.700000e-02   1.560391e+02
-7.600000e-02   1.520695e+02
-7.500000e-02   1.481498e+02
-7.400000e-02   1.442799e+02
-7.300000e-02   1.404599e+02
-7.200000e-02   1.366897e+02
-7.100000e-02   1.329696e+02
-7.000000e-02   1.292994e+02
-6.900000e-02   1.256794e+02
-6.800000e-02   1.221094e+02
-6.700000e-02   1.185896e+02
-6.600000e-02   1.151201e+02
-6.500000e-02   1.117009e+02
-6.400000e-02   1.083320e+02
-6.300000e-02   1.050135e+02
-6.200000e-02   1.017454e+02
-6.100000e-02   9.852785e+01
-6.000000e-02   9.536093e+01
-5.900000e-02   9.224450e+01
-5.800000e-02   8.917877e+01
-5.700000e-02   8.616387e+01
-5.600000e-02   8.319958e+01
-5.500000e-02   8.028618e+01
-5.400000e-02   7.742371e+01
-5.300000e-02   7.461212e+01
-5.200000e-02   7.185154e+01
-5.100000e-02   6.914201e+01
-5.000000e-02   6.648358e+01
-4.900000e-02   6.387631e+01
-4.800000e-02   6.132024e+01
-4.700000e-02   5.881544e+01
-4.600000e-02   5.636195e+01
-4.500000e-02   5.395984e+01
-4.400000e-02   5.160915e+01
-4.300000e-02   4.930995e+01
-4.200000e-02   4.706229e+01
-4.100000e-02   4.486622e+01
-4.000000e-02   4.272181e+01
-3.900000e-02   4.062911e+01
-3.800000e-02   3.858817e+01
-3.700000e-02   3.659905e+01
-3.600000e-02   3.466182e+01
-3.500000e-02   3.277653e+01
-3.400000e-02   3.094331e+01
-3.300000e-02   2.916199e+01
-3.200000e-02   2.743287e+01
-3.100000e-02   2.575593e+01
-3.000000e-02   2.413123e+01
-2.900000e-02   2.255881e+01
-2.800000e-02   2.103876e+01
-2.700000e-02   1.957114e+01
-2.600000e-02   1.815599e+01
-2.500000e-02   1.679340e+01
-2.400000e-02   1.548342e+01
-2.300000e-02   1.422611e+01
-2.200000e-02   1.302154e+01
-2.100000e-02   1.566306e+01
-2.000000e-02   6.276185e+01
-1.900000e-02   1.465046e+02
-1.800000e-02   1.402207e+02
-1.700000e-02   1.250813e+02
-1.600000e-02   1.108057e+02
-1.500000e-02   9.739398e+01
-1.400000e-02   8.484637e+01
-1.300000e-02   7.316300e+01
-1.200000e-02   6.234404e+01
-1.100000e-02   5.238965e+01
-1.000000e-02   4.330000e+01
-9.000000e-03   3.507524e+01
-8.000000e-03   2.771554e+01
-7.000000e-03   2.122107e+01
-6.000000e-03   1.559199e+01
-5.000000e-03   1.082847e+01
-4.000000e-03   6.930665e+00
-3.000000e-03   3.898750e+00
-2.000000e-03   1.732890e+00
-1.000000e-03   4.332504e-01
7.632783e-17   3.850100e-29
1.000000e-03   2.717623e-02
2.000000e-03   1.087531e-01
3.000000e-03   2.448030e-01
4.000000e-03   4.353985e-01
5.000000e-03   6.806121e-01
6.000000e-03   9.805167e-01
7.000000e-03   1.335185e+00
8.000000e-03   1.744690e+00
9.000000e-03   2.209105e+00
1.000000e-02   2.728503e+00
1.100000e-02   3.302957e+00
1.200000e-02   3.932541e+00
1.300000e-02   4.617327e+00
1.400000e-02   5.357390e+00
1.500000e-02   6.152802e+00
1.600000e-02   7.003637e+00
1.700000e-02   7.909969e+00
1.800000e-02   8.871871e+00
1.900000e-02   9.889417e+00
2.000000e-02   1.096268e+01
2.100000e-02   1.209174e+01
2.200000e-02   1.327665e+01
2.300000e-02   1.451751e+01
2.400000e-02   1.581438e+01
2.500000e-02   1.716734e+01
2.600000e-02   1.857646e+01
2.700000e-02   2.004181e+01
2.800000e-02   2.156346e+01
2.900000e-02   2.314150e+01
3.000000e-02   2.477599e+01
3.100000e-02   2.646702e+01
3.200000e-02   2.821464e+01
3.300000e-02   3.001894e+01
3.400000e-02   3.188000e+01
3.500000e-02   3.379787e+01
3.600000e-02   3.577265e+01
3.700000e-02   3.780439e+01
3.800000e-02   3.989319e+01
3.900000e-02   4.203910e+01
4.000000e-02   4.424221e+01
4.100000e-02   4.650258e+01
4.200000e-02   4.882030e+01
4.300000e-02   5.119543e+01
4.400000e-02   5.362805e+01
4.500000e-02   5.611823e+01
4.600000e-02   5.866606e+01
4.700000e-02   6.127159e+01
4.800000e-02   6.393491e+01
4.900000e-02   6.665608e+01
5.000000e-02   6.943520e+01
5.100000e-02   7.227231e+01
5.200000e-02   7.516751e+01
5.300000e-02   7.812087e+01
5.400000e-02   8.113245e+01
5.500000e-02   8.420234e+01
5.600000e-02   8.733060e+01
5.700000e-02   9.051732e+01
5.800000e-02   9.376256e+01
5.900000e-02   9.706640e+01
6.000000e-02   1.004289e+02
6.100000e-02   1.038502e+02
6.200000e-02   1.073303e+02
6.300000e-02   1.108693e+02
6.400000e-02   1.144672e+02
6.500000e-02   1.181242e+02
6.600000e-02   1.218403e+02
6.700000e-02   1.256156e+02
6.800000e-02   1.294502e+02
6.900000e-02   1.333441e+02
7.000000e-02   1.372975e+02
7.100000e-02   1.413103e+02
7.200000e-02   1.453827e+02
7.300000e-02   1.495147e+02
7.400000e-02   1.537064e+02
7.500000e-02   1.579580e+02
7.600000e-02   1.622693e+02
7.700000e-02   1.666407e+02
7.800000e-02   1.710720e+02
7.900000e-02   1.755634e+02
8.000000e-02   1.801150e+02
8.100000e-02   1.847268e+02
8.200000e-02   1.893989e+02
8.300000e-02   1.941315e+02
8.400000e-02   1.989244e+02
8.500000e-02   2.037779e+02
8.600000e-02   2.086920e+02
8.700000e-02   2.136668e+02
8.800000e-02   2.187024e+02
8.900000e-02   2.237987e+02
9.000000e-02   2.289560e+02
9.100000e-02   2.341743e+02
9.200000e-02   2.394536e+02
9.300000e-02   2.447940e+02
9.400000e-02   2.501957e+02
9.500000e-02   2.556586e+02
9.600000e-02   2.611829e+02
9.700000e-02   2.667687e+02
9.800000e-02   2.724159e+02
9.900000e-02   2.781247e+02
1.000000e-01   2.838952e+02
