5.392733476759755007e+01 5.365256000002039372e+01
1.065392532717505603e+01 1.074760200000248567e+01
3.069696145609960958e+00 3.056032000001624560e+00
1.059326875707480742e+00 1.064060799999980933e+00
4.218507094880297736e-01 4.234996142651020756e-01
1.827795398979894237e-01 1.818024857349893886e-01
8.557367937251743328e-02 8.627901177553082279e-02
4.174312371125004500e-02 4.160805822449968605e-02
2.160202190574986303e-02 2.160618180810585515e-02
1.112425087024991079e-02 1.153721719190192382e-02
