5.360145703338355361e+01 5.365256000002039372e+01
1.052087096659952437e+01 1.074760200000248567e+01
3.004348970069279812e+00 3.056032000001624560e+00
1.024818829929847075e+00 1.064060799999980933e+00
4.026126429140846064e-01 4.234996142651020756e-01
1.716663470857742735e-01 1.818024857349893886e-01
7.886866838777868705e-02 8.627901177553082279e-02
3.755668119975424935e-02 4.160805822449968605e-02
1.893948921749787420e-02 2.160618180810585515e-02
9.487851194999523743e-03 1.153721719190192382e-02
