5.316576170925665679e+01 5.365256000002039372e+01
1.057451129070072682e+01 1.074760200000248567e+01
2.938967270265838483e+00 3.056032000001624560e+00
1.003045029735174731e+00 1.064060799999980933e+00
3.862223457741296717e-01 4.234996142651020756e-01
1.614359842257811484e-01 1.818024857349893886e-01
7.245660164401658554e-02 8.627901177553082279e-02
3.376215843599920247e-02 4.160805822449968605e-02
1.650405811199867276e-02 2.160618180810585515e-02
7.847261808000167982e-03 1.153721719190192382e-02
