5.329899918864955310e+01 5.365256000002039372e+01
1.051893721172497820e+01 1.074760200000248567e+01
2.939699825247599652e+00 3.056032000001624560e+00
1.014760960660008093e+00 1.064060799999980933e+00
3.877313650682207014e-01 4.234996142651020756e-01
1.613322945372573924e-01 1.818024857349893886e-01
7.236448601749256859e-02 8.627901177553082279e-02
3.428404130150087409e-02 4.160805822449968605e-02
1.608016164624971600e-02 2.160618180810585515e-02
7.895700423999956960e-03 1.153721719190192382e-02
