5.385447728097450693e+01 5.365256000002039372e+01
1.060205842637499885e+01 1.074760200000248567e+01
3.056683782959934259e+00 3.056032000001624560e+00
1.038650727657476125e+00 1.064060799999980933e+00
4.163773963630124642e-01 4.234996142651020756e-01
1.770239353802408322e-01 1.818024857349893886e-01
8.226768321465552369e-02 8.627901177553082279e-02
3.906781308979971612e-02 4.160805822449968605e-02
1.965633996427495339e-02 2.160618180810585515e-02
8.766749741099968615e-03 1.153721719190192382e-02
