5.305611763027495442e+01 5.365256000002039372e+01
1.026896024682502961e+01 1.074760200000248567e+01
2.890587636780117986e+00 3.056032000001624560e+00
9.517174455050270154e-01 1.064060799999980933e+00
3.654371190225415567e-01 4.234996142651020756e-01
1.466875968977496558e-01 1.818024857349893886e-01
6.351169395634985448e-02 8.627901177553082279e-02
2.745845097577497354e-02 4.160805822449968605e-02
1.196496784947496603e-02 2.160618180810585515e-02
5.011257695062499608e-03 1.153721719190192382e-02
