5.311775230352374422e+01 5.365256000002039372e+01
1.055976657042496747e+01 1.074760200000248567e+01
2.931990917707421485e+00 3.056032000001624560e+00
1.001054688784988711e+00 1.064060799999980933e+00
3.840557965954910502e-01 4.234996142651020756e-01
1.615385818017591735e-01 1.818024857349893886e-01
7.232726010050900822e-02 8.627901177553082279e-02
3.393890397399937364e-02 4.160805822449968605e-02
1.641542668174974379e-02 2.160618180810585515e-02
7.805550534249957283e-03 1.153721719190192382e-02
