5.374389391005016847e+01 5.365256000002039372e+01
1.081727725742501711e+01 1.074760200000248567e+01
3.055807501195068721e+00 3.056032000001624560e+00
1.065758615867528736e+00 1.064060799999980933e+00
4.208926717450256483e-01 4.234996142651020756e-01
1.816862354387409617e-01 1.818024857349893886e-01
8.487519405900255387e-02 8.627901177553082279e-02
4.149161118650076391e-02 4.160805822449968605e-02
2.150293747625023344e-02 2.160618180810585515e-02
1.089981713275009478e-02 1.153721719190192382e-02
