5.365866316727502294e+01 5.365256000002039372e+01
1.066961555715001531e+01 1.074760200000248567e+01
3.012031367842417762e+00 3.056032000001624560e+00
1.054011230529966037e+00 1.064060799999980933e+00
4.095929121137443230e-01 4.234996142651020756e-01
1.741713610154903835e-01 1.818024857349893886e-01
8.030342619476317501e-02 8.627901177553082279e-02
3.932630866499819966e-02 4.160805822449968605e-02
1.925682715224992167e-02 2.160618180810585515e-02
9.983963355000270712e-03 1.153721719190192382e-02
