5.364176279542500936e+01 5.365256000002039372e+01
1.077422016992498222e+01 1.074760200000248567e+01
3.034970604460025978e+00 3.056032000001624560e+00
1.054493246932514117e+00 1.064060799999980933e+00
4.146076191284963075e-01 4.234996142651020756e-01
1.779734758180109566e-01 1.818024857349893886e-01
8.256609176649140625e-02 8.627901177553082279e-02
4.002891817474839298e-02 4.160805822449968605e-02
2.053636487450071282e-02 2.160618180810585515e-02
1.029387232150021265e-02 1.153721719190192382e-02
