5.274590031872521934e+01 5.365256000002039372e+01
1.040734600024997292e+01 1.074760200000248567e+01
2.859687947875071412e+00 3.056032000001624560e+00
9.629979033700120095e-01 1.064060799999980933e+00
3.634415574365225665e-01 4.234996142651020756e-01
1.498490381227612356e-01 1.818024857349893886e-01
6.555951896627390529e-02 8.627901177553082279e-02
2.991338534195059698e-02 4.160805822449968605e-02
1.400265818364933301e-02 2.160618180810585515e-02
6.411075977125008964e-03 1.153721719190192382e-02
