5.238670800157467511e+01 5.365256000002039372e+01
1.025122187647499494e+01 1.074760200000248567e+01
2.785947083779876099e+00 3.056032000001624560e+00
9.227459862124914869e-01 1.064060799999980933e+00
3.431199260644842708e-01 4.234996142651020756e-01
1.372031224744929001e-01 1.818024857349893886e-01
5.832186434457612562e-02 8.627901177553082279e-02
2.553809524034928585e-02 4.160805822449968605e-02
1.164831926430046245e-02 2.160618180810585515e-02
5.234546468674970872e-03 1.153721719190192382e-02
