5.339361723260008574e+01 5.365256000002039372e+01
1.066990900899999950e+01 1.074760200000248567e+01
2.984692519465028226e+00 3.056032000001624560e+00
1.027453644117497067e+00 1.064060799999980933e+00
3.996218566964576113e-01 4.234996142651020756e-01
1.691933218705051478e-01 1.818024857349893886e-01
7.716058042449457088e-02 8.627901177553082279e-02
3.664785309874978025e-02 4.160805822449968605e-02
1.833628954125048408e-02 2.160618180810585515e-02
8.940160557499878674e-03 1.153721719190192382e-02
