5.349029589649954630e+01 5.365256000002039372e+01
1.071345401324996338e+01 1.074760200000248567e+01
3.005559707105023293e+00 3.056032000001624560e+00
1.040253440152489661e+00 1.064060799999980933e+00
4.056184964262644632e-01 4.234996142651020756e-01
1.740101639404876555e-01 1.818024857349893886e-01
7.973352254751027435e-02 8.627901177553082279e-02
3.848837477125269940e-02 4.160805822449968605e-02
1.926170321949970121e-02 2.160618180810585515e-02
9.545848193249916944e-03 1.153721719190192382e-02
