5.253968652602563338e+01 5.365256000002039372e+01
1.005599647394958573e+01 1.074760200000248567e+01
2.786214050095967121e+00 3.056032000001624560e+00
8.984013499049984253e-01 1.064060799999980933e+00
3.352642584240410617e-01 4.234996142651020756e-01
1.296057615760130843e-01 1.818024857349893886e-01
5.373708310948259459e-02 8.627901177553082279e-02
2.214207343350321766e-02 4.160805822449968605e-02
9.266793013999130579e-03 2.160618180810585515e-02
4.561630442999816196e-03 1.153721719190192382e-02
