5.256971603552488403e+01 5.365256000002039372e+01
1.021633182937496365e+01 1.074760200000248567e+01
2.796375325789865141e+00 3.056032000001624560e+00
9.384088540024847491e-01 1.064060799999980933e+00
3.462415494780171077e-01 4.234996142651020756e-01
1.377472610102421779e-01 1.818024857349893886e-01
5.842228633716869957e-02 8.627901177553082279e-02
2.597139712902359066e-02 4.160805822449968605e-02
1.130065347910036086e-02 2.160618180810585515e-02
5.190665750249885343e-03 1.153721719190192382e-02
