5.191596061205004986e+01 5.365256000002039372e+01
9.801523670875027960e+00 1.074760200000248567e+01
2.663507044840041527e+00 3.056032000001624560e+00
8.371948466149977675e-01 1.064060799999980933e+00
3.018555153185045192e-01 4.234996142651020756e-01
1.117470154915069097e-01 1.818024857349893886e-01
4.450020903852455051e-02 8.627901177553082279e-02
1.810575724316036694e-02 4.160805822449968605e-02
8.475826167667638994e-03 2.160618180810585515e-02
6.151090100349910356e-03 1.153721719190192382e-02
