5.380686392512468075e+01 5.365256000002039372e+01
1.073197223884997520e+01 1.074760200000248567e+01
3.042143360382417061e+00 3.056032000001624560e+00
1.070482178292480713e+00 1.064060799999980933e+00
4.188622941327121985e-01 4.234996142651020756e-01
1.796871434947568125e-01 1.818024857349893886e-01
8.377317715324732184e-02 8.627901177553082279e-02
4.158009282199928713e-02 4.160805822449968605e-02
2.071897812399969840e-02 2.160618180810585515e-02
1.098556251474986679e-02 1.153721719190192382e-02
