5.184591165269998925e+01 5.365256000002039372e+01
9.920058054400012537e+00 1.074760200000248567e+01
2.658770488387593112e+00 3.056032000001624560e+00
8.671259676274943873e-01 1.064060799999980933e+00
3.090062931182505634e-01 4.234996142651020756e-01
1.177381007479981201e-01 1.818024857349893886e-01
4.757333400773102600e-02 8.627901177553082279e-02
2.036721478392626225e-02 4.160805822449968605e-02
8.852431443579580200e-03 2.160618180810585515e-02
4.611762880784912172e-03 1.153721719190192382e-02
