3.481961639588794100e+01 3.456364936589915260e+01
7.126547794978528749e+00 7.088210872585724687e+00
2.041189292015505252e+00 2.061399673244676212e+00
7.210872386202122897e-01 7.271740569105059615e-01
2.882364398969174402e-01 2.878529150594638653e-01
1.247991941068689187e-01 1.249618280396050524e-01
5.799430825218128416e-02 5.966555133154265167e-02
2.889916906692673385e-02 2.844222901213879634e-02
1.522366687267036854e-02 1.511461666659027515e-02
7.913338654118751148e-03 7.961931094105438936e-03
