3.426057515762461492e+01 3.456364936589915260e+01
6.890717794311685296e+00 7.088210872585724687e+00
1.926091311348846258e+00 2.061399673244676212e+00
6.601055967088788057e-01 7.271740569105059615e-01
2.534929035177760914e-01 2.878529150594638653e-01
1.042465233273199843e-01 1.249618280396050524e-01
4.602379368139871557e-02 5.966555133154265167e-02
2.151936775814875316e-02 2.844222901213879634e-02
1.064306893728751702e-02 1.511461666659027515e-02
5.122982336119497569e-03 7.961931094105438936e-03
