3.467578754091214677e+01 3.456364936589915260e+01
7.065350097323319645e+00 7.088210872585724687e+00
2.010960625500206600e+00 2.061399673244676212e+00
7.048137161097534076e-01 7.271740569105059615e-01
2.787680352210568091e-01 2.878529150594638653e-01
1.190461483098154416e-01 1.249618280396050524e-01
5.453323158021253225e-02 5.966555133154265167e-02
2.666580947750000347e-02 2.844222901213879634e-02
1.375579331599000900e-02 1.511461666659027515e-02
6.952569319847506576e-03 7.961931094105438936e-03
