-9.990000e-02   2.921897e+01
-9.980000e-02   2.917790e+01
-9.970000e-02   2.913993e+01
-9.960000e-02   2.909646e+01
-9.950000e-02   2.905578e+01
-9.940000e-02   2.901404e+01
-9.930000e-02   2.897206e+01
-9.920000e-02   2.893016e+01
-9.910000e-02   2.889013e+01
-9.900000e-02   2.884816e+01
-9.890000e-02   2.880635e+01
-9.880000e-02   2.876516e+01
-9.870000e-02   2.872396e+01
-9.860000e-02   2.868281e+01
-9.850000e-02   2.864171e+01
-9.840000e-02   2.860059e+01
-9.830000e-02   2.855951e+01
-9.820000e-02   2.851843e+01
-9.810000e-02   2.847739e+01
-9.800000e-02   2.843636e+01
-9.790000e-02   2.839536e+01
-9.780000e-02   2.835439e+01
-9.770000e-02   2.831344e+01
-9.760000e-02   2.827248e+01
-9.750000e-02   2.823158e+01
-9.740000e-02   2.819068e+01
-9.730000e-02   2.814980e+01
-9.720000e-02   2.810896e+01
-9.710000e-02   2.806812e+01
-9.700000e-02   2.802731e+01
-9.690000e-02   2.798649e+01
-9.680000e-02   2.794551e+01
-9.670000e-02   2.790815e+01
-9.660000e-02   2.786576e+01
-9.650000e-02   2.782437e+01
-9.640000e-02   2.778303e+01
-9.630000e-02   2.774231e+01
-9.620000e-02   2.770183e+01
-9.610000e-02   2.766171e+01
-9.600000e-02   2.762044e+01
-9.590000e-02   2.757966e+01
-9.580000e-02   2.754245e+01
-9.570000e-02   2.749917e+01
-9.560000e-02   2.745867e+01
-9.550000e-02   2.742096e+01
-9.540000e-02   2.737775e+01
-9.530000e-02   2.734010e+01
-9.520000e-02   2.729692e+01
-9.510000e-02   2.725654e+01
-9.500000e-02   2.721894e+01
-9.490000e-02   2.717587e+01
-9.480000e-02   2.713554e+01
-9.470000e-02   2.709522e+01
-9.460000e-02   2.705478e+01
-9.450000e-02   2.701749e+01
-9.440000e-02   2.697731e+01
-9.430000e-02   2.693437e+01
-9.420000e-02   2.689413e+01
-9.410000e-02   2.685369e+01
-9.400000e-02   2.681670e+01
-9.390000e-02   2.677381e+01
-9.380000e-02   2.673375e+01
-9.370000e-02   2.669697e+01
-9.360000e-02   2.665394e+01
-9.350000e-02   2.661687e+01
-9.340000e-02   2.657416e+01
-9.330000e-02   2.653342e+01
-9.320000e-02   2.649653e+01
-9.310000e-02   2.645384e+01
-9.300000e-02   2.641397e+01
-9.290000e-02   2.637446e+01
-9.280000e-02   2.633707e+01
-9.270000e-02   2.629708e+01
-9.260000e-02   2.625453e+01
-9.250000e-02   2.621478e+01
-9.240000e-02   2.617479e+01
-9.230000e-02   2.613809e+01
-9.220000e-02   2.609601e+01
-9.210000e-02   2.605900e+01
-9.200000e-02   2.601630e+01
-9.190000e-02   2.597660e+01
-9.180000e-02   2.593998e+01
-9.170000e-02   2.589735e+01
-9.160000e-02   2.585754e+01
-9.150000e-02   2.582120e+01
-9.140000e-02   2.577866e+01
-9.130000e-02   2.574159e+01
-9.120000e-02   2.570260e+01
-9.110000e-02   2.566013e+01
-9.100000e-02   2.562050e+01
-9.090000e-02   2.558400e+01
-9.080000e-02   2.554192e+01
-9.070000e-02   2.550248e+01
-9.060000e-02   2.546348e+01
-9.050000e-02   2.542673e+01
-9.040000e-02   2.538455e+01
-9.030000e-02   2.534524e+01
-9.020000e-02   2.530603e+01
-9.010000e-02   2.526803e+01
-9.000000e-02   2.523171e+01
-8.990000e-02   2.518901e+01
-8.980000e-02   2.514890e+01
-8.970000e-02   2.511299e+01
-8.960000e-02   2.507093e+01
-8.950000e-02   2.503184e+01
-8.940000e-02   2.499386e+01
-8.930000e-02   2.495652e+01
-8.920000e-02   2.491457e+01
-8.910000e-02   2.487558e+01
-8.900000e-02   2.483657e+01
-8.890000e-02   2.479765e+01
-8.880000e-02   2.476239e+01
-8.870000e-02   2.472006e+01
-8.860000e-02   2.468152e+01
-8.850000e-02   2.464499e+01
-8.840000e-02   2.460320e+01
-8.830000e-02   2.456438e+01
-8.820000e-02   2.452554e+01
-8.810000e-02   2.448676e+01
-8.800000e-02   2.444818e+01
-8.790000e-02   2.441226e+01
-8.780000e-02   2.437066e+01
-8.770000e-02   2.433198e+01
-8.760000e-02   2.429325e+01
-8.750000e-02   2.425461e+01
-8.740000e-02   2.421601e+01
-8.730000e-02   2.417741e+01
-8.720000e-02   2.413880e+01
-8.710000e-02   2.410023e+01
-8.700000e-02   2.406167e+01
-8.690000e-02   2.402317e+01
-8.680000e-02   2.398471e+01
-8.670000e-02   2.394624e+01
-8.660000e-02   2.390774e+01
-8.650000e-02   2.386933e+01
-8.640000e-02   2.383094e+01
-8.630000e-02   2.379256e+01
-8.620000e-02   2.375418e+01
-8.610000e-02   2.371588e+01
-8.600000e-02   2.367752e+01
-8.590000e-02   2.363925e+01
-8.580000e-02   2.360098e+01
-8.570000e-02   2.356273e+01
-8.560000e-02   2.352448e+01
-8.550000e-02   2.348631e+01
-8.540000e-02   2.344813e+01
-8.530000e-02   2.340998e+01
-8.520000e-02   2.337185e+01
-8.510000e-02   2.333373e+01
-8.500000e-02   2.329562e+01
-8.490000e-02   2.325758e+01
-8.480000e-02   2.321953e+01
-8.470000e-02   2.318151e+01
-8.460000e-02   2.314353e+01
-8.450000e-02   2.310552e+01
-8.440000e-02   2.306758e+01
-8.430000e-02   2.302964e+01
-8.420000e-02   2.299170e+01
-8.410000e-02   2.295382e+01
-8.400000e-02   2.291595e+01
-8.390000e-02   2.287808e+01
-8.380000e-02   2.284026e+01
-8.370000e-02   2.280244e+01
-8.360000e-02   2.276466e+01
-8.350000e-02   2.272691e+01
-8.340000e-02   2.269105e+01
-8.330000e-02   2.265193e+01
-8.320000e-02   2.261348e+01
-8.310000e-02   2.257857e+01
-8.300000e-02   2.253824e+01
-8.290000e-02   2.250101e+01
-8.280000e-02   2.246312e+01
-8.270000e-02   2.242582e+01
-8.260000e-02   2.238915e+01
-8.250000e-02   2.235082e+01
-8.240000e-02   2.231330e+01
-8.230000e-02   2.227797e+01
-8.220000e-02   2.223797e+01
-8.210000e-02   2.220321e+01
-8.200000e-02   2.216312e+01
-8.190000e-02   2.212609e+01
-8.180000e-02   2.208867e+01
-8.170000e-02   2.205109e+01
-8.160000e-02   2.201409e+01
-8.150000e-02   2.197649e+01
-8.140000e-02   2.194008e+01
-8.130000e-02   2.190189e+01
-8.120000e-02   2.186502e+01
-8.110000e-02   2.182864e+01
-8.100000e-02   2.179182e+01
-8.090000e-02   2.175638e+01
-8.080000e-02   2.171657e+01
-8.070000e-02   2.167970e+01
-8.060000e-02   2.164211e+01
-8.050000e-02   2.160517e+01
-8.040000e-02   2.156798e+01
-8.030000e-02   2.153101e+01
-8.020000e-02   2.149411e+01
-8.010000e-02   2.145703e+01
-8.000000e-02   2.142148e+01
-7.990000e-02   2.138328e+01
-7.980000e-02   2.134875e+01
-7.970000e-02   2.130921e+01
-7.960000e-02   2.127271e+01
-7.950000e-02   2.123590e+01
-7.940000e-02   2.119898e+01
-7.930000e-02   2.116207e+01
-7.920000e-02   2.112577e+01
-7.910000e-02   2.108988e+01
-7.900000e-02   2.105206e+01
-7.890000e-02   2.101593e+01
-7.880000e-02   2.097838e+01
-7.870000e-02   2.094389e+01
-7.860000e-02   2.090574e+01
-7.850000e-02   2.086861e+01
-7.840000e-02   2.083217e+01
-7.830000e-02   2.079794e+01
-7.820000e-02   2.075882e+01
-7.810000e-02   2.072265e+01
-7.800000e-02   2.068633e+01
-7.790000e-02   2.065041e+01
-7.780000e-02   2.061581e+01
-7.770000e-02   2.057667e+01
-7.760000e-02   2.054038e+01
-7.750000e-02   2.050423e+01
-7.740000e-02   2.046844e+01
-7.730000e-02   2.043122e+01
-7.720000e-02   2.039595e+01
-7.710000e-02   2.035899e+01
-7.700000e-02   2.032332e+01
-7.690000e-02   2.028705e+01
-7.680000e-02   2.025246e+01
-7.670000e-02   2.021379e+01
-7.660000e-02   2.017771e+01
-7.650000e-02   2.014168e+01
-7.640000e-02   2.010532e+01
-7.630000e-02   2.006937e+01
-7.620000e-02   2.003375e+01
-7.610000e-02   1.999797e+01
-7.600000e-02   1.996203e+01
-7.590000e-02   1.992522e+01
-7.580000e-02   1.988920e+01
-7.570000e-02   1.985629e+01
-7.560000e-02   1.981756e+01
-7.550000e-02   1.978151e+01
-7.540000e-02   1.974598e+01
-7.530000e-02   1.970982e+01
-7.520000e-02   1.967473e+01
-7.510000e-02   1.963815e+01
-7.500000e-02   1.960250e+01
-7.490000e-02   1.956723e+01
-7.480000e-02   1.953061e+01
-7.470000e-02   1.949589e+01
-7.460000e-02   1.945951e+01
-7.450000e-02   1.942359e+01
-7.440000e-02   1.938799e+01
-7.430000e-02   1.935250e+01
-7.420000e-02   1.931661e+01
-7.410000e-02   1.928113e+01
-7.400000e-02   1.924578e+01
-7.390000e-02   1.921059e+01
-7.380000e-02   1.917540e+01
-7.370000e-02   1.913901e+01
-7.360000e-02   1.910363e+01
-7.350000e-02   1.906839e+01
-7.340000e-02   1.903276e+01
-7.330000e-02   1.899934e+01
-7.320000e-02   1.896200e+01
-7.310000e-02   1.892686e+01
-7.300000e-02   1.889126e+01
-7.290000e-02   1.885701e+01
-7.280000e-02   1.882076e+01
-7.270000e-02   1.878619e+01
-7.260000e-02   1.875095e+01
-7.250000e-02   1.871492e+01
-7.240000e-02   1.867976e+01
-7.230000e-02   1.864577e+01
-7.220000e-02   1.861154e+01
-7.210000e-02   1.857449e+01
-7.200000e-02   1.853952e+01
-7.190000e-02   1.850482e+01
-7.180000e-02   1.847005e+01
-7.170000e-02   1.843414e+01
-7.160000e-02   1.840121e+01
-7.150000e-02   1.836496e+01
-7.140000e-02   1.832950e+01
-7.130000e-02   1.829429e+01
-7.120000e-02   1.825949e+01
-7.110000e-02   1.822475e+01
-7.100000e-02   1.818975e+01
-7.090000e-02   1.815695e+01
-7.080000e-02   1.812046e+01
-7.070000e-02   1.808591e+01
-7.060000e-02   1.805045e+01
-7.050000e-02   1.801682e+01
-7.040000e-02   1.798300e+01
-7.030000e-02   1.794714e+01
-7.020000e-02   1.791190e+01
-7.010000e-02   1.787702e+01
-7.000000e-02   1.784341e+01
-6.990000e-02   1.780795e+01
-6.980000e-02   1.777343e+01
-6.970000e-02   1.773888e+01
-6.960000e-02   1.770428e+01
-6.950000e-02   1.767206e+01
-6.940000e-02   1.763539e+01
-6.930000e-02   1.760141e+01
-6.920000e-02   1.756635e+01
-6.910000e-02   1.753207e+01
-6.900000e-02   1.749823e+01
-6.890000e-02   1.746371e+01
-6.880000e-02   1.742996e+01
-6.870000e-02   1.739485e+01
-6.860000e-02   1.736042e+01
-6.850000e-02   1.732658e+01
-6.840000e-02   1.729250e+01
-6.830000e-02   1.725830e+01
-6.820000e-02   1.722339e+01
-6.810000e-02   1.719129e+01
-6.800000e-02   1.715563e+01
-6.790000e-02   1.712077e+01
-6.780000e-02   1.708673e+01
-6.770000e-02   1.705338e+01
-6.760000e-02   1.701914e+01
-6.750000e-02   1.698495e+01
-6.740000e-02   1.695278e+01
-6.730000e-02   1.691703e+01
-6.720000e-02   1.688335e+01
-6.710000e-02   1.684865e+01
-6.700000e-02   1.681465e+01
-6.690000e-02   1.678088e+01
-6.680000e-02   1.674722e+01
-6.670000e-02   1.671344e+01
-6.660000e-02   1.667953e+01
-6.650000e-02   1.664605e+01
-6.640000e-02   1.661209e+01
-6.630000e-02   1.658030e+01
-6.620000e-02   1.654474e+01
-6.610000e-02   1.651092e+01
-6.600000e-02   1.647912e+01
-6.590000e-02   1.644373e+01
-6.580000e-02   1.640973e+01
-6.570000e-02   1.637656e+01
-6.560000e-02   1.634259e+01
-6.550000e-02   1.630982e+01
-6.540000e-02   1.627555e+01
-6.530000e-02   1.624248e+01
-6.520000e-02   1.620886e+01
-6.510000e-02   1.617472e+01
-6.500000e-02   1.614202e+01
-6.490000e-02   1.610855e+01
-6.480000e-02   1.607451e+01
-6.470000e-02   1.604188e+01
-6.460000e-02   1.600779e+01
-6.450000e-02   1.597515e+01
-6.440000e-02   1.594117e+01
-6.430000e-02   1.590807e+01
-6.420000e-02   1.587493e+01
-6.410000e-02   1.584209e+01
-6.400000e-02   1.580822e+01
-6.390000e-02   1.577501e+01
-6.380000e-02   1.574175e+01
-6.370000e-02   1.570938e+01
-6.360000e-02   1.567622e+01
-6.350000e-02   1.564251e+01
-6.340000e-02   1.560938e+01
-6.330000e-02   1.557662e+01
-6.320000e-02   1.554355e+01
-6.310000e-02   1.551146e+01
-6.300000e-02   1.547764e+01
-6.290000e-02   1.544473e+01
-6.280000e-02   1.541238e+01
-6.270000e-02   1.537988e+01
-6.260000e-02   1.534632e+01
-6.250000e-02   1.531316e+01
-6.240000e-02   1.528094e+01
-6.230000e-02   1.524802e+01
-6.220000e-02   1.521460e+01
-6.210000e-02   1.518205e+01
-6.200000e-02   1.514953e+01
-6.190000e-02   1.511647e+01
-6.180000e-02   1.508392e+01
-6.170000e-02   1.505130e+01
-6.160000e-02   1.501863e+01
-6.150000e-02   1.498655e+01
-6.140000e-02   1.495352e+01
-6.130000e-02   1.492223e+01
-6.120000e-02   1.488828e+01
-6.110000e-02   1.485666e+01
-6.100000e-02   1.482388e+01
-6.090000e-02   1.479102e+01
-6.080000e-02   1.475929e+01
-6.070000e-02   1.472633e+01
-6.060000e-02   1.469370e+01
-6.050000e-02   1.466109e+01
-6.040000e-02   1.462885e+01
-6.030000e-02   1.459676e+01
-6.020000e-02   1.456397e+01
-6.010000e-02   1.453197e+01
-6.000000e-02   1.449948e+01
-5.990000e-02   1.446752e+01
-5.980000e-02   1.443578e+01
-5.970000e-02   1.440342e+01
-5.960000e-02   1.437115e+01
-5.950000e-02   1.433877e+01
-5.940000e-02   1.430674e+01
-5.930000e-02   1.427494e+01
-5.920000e-02   1.424282e+01
-5.910000e-02   1.421059e+01
-5.900000e-02   1.417892e+01
-5.890000e-02   1.414686e+01
-5.880000e-02   1.411487e+01
-5.870000e-02   1.408287e+01
-5.860000e-02   1.405057e+01
-5.850000e-02   1.401926e+01
-5.840000e-02   1.398695e+01
-5.830000e-02   1.395562e+01
-5.820000e-02   1.392375e+01
-5.810000e-02   1.389195e+01
-5.800000e-02   1.386015e+01
-5.790000e-02   1.382839e+01
-5.780000e-02   1.379659e+01
-5.770000e-02   1.376444e+01
-5.760000e-02   1.373354e+01
-5.750000e-02   1.370113e+01
-5.740000e-02   1.366975e+01
-5.730000e-02   1.363797e+01
-5.720000e-02   1.360924e+01
-5.710000e-02   1.357489e+01
-5.700000e-02   1.354367e+01
-5.690000e-02   1.351184e+01
-5.680000e-02   1.348062e+01
-5.670000e-02   1.344898e+01
-5.660000e-02   1.341786e+01
-5.650000e-02   1.338653e+01
-5.640000e-02   1.335504e+01
-5.630000e-02   1.332366e+01
-5.620000e-02   1.329207e+01
-5.610000e-02   1.326070e+01
-5.600000e-02   1.322979e+01
-5.590000e-02   1.319855e+01
-5.580000e-02   1.316730e+01
-5.570000e-02   1.313579e+01
-5.560000e-02   1.310509e+01
-5.550000e-02   1.307387e+01
-5.540000e-02   1.304272e+01
-5.530000e-02   1.301157e+01
-5.520000e-02   1.298045e+01
-5.510000e-02   1.294935e+01
-5.500000e-02   1.291832e+01
-5.490000e-02   1.288725e+01
-5.480000e-02   1.285619e+01
-5.470000e-02   1.282524e+01
-5.460000e-02   1.279442e+01
-5.450000e-02   1.276347e+01
-5.440000e-02   1.273248e+01
-5.430000e-02   1.270164e+01
-5.420000e-02   1.267093e+01
-5.410000e-02   1.264008e+01
-5.400000e-02   1.260918e+01
-5.390000e-02   1.257844e+01
-5.380000e-02   1.254774e+01
-5.370000e-02   1.251715e+01
-5.360000e-02   1.248642e+01
-5.350000e-02   1.245571e+01
-5.340000e-02   1.242503e+01
-5.330000e-02   1.239440e+01
-5.320000e-02   1.236378e+01
-5.310000e-02   1.233315e+01
-5.300000e-02   1.230264e+01
-5.290000e-02   1.227216e+01
-5.280000e-02   1.224170e+01
-5.270000e-02   1.221127e+01
-5.260000e-02   1.218092e+01
-5.250000e-02   1.215044e+01
-5.240000e-02   1.212003e+01
-5.230000e-02   1.208961e+01
-5.220000e-02   1.205923e+01
-5.210000e-02   1.202886e+01
-5.200000e-02   1.199853e+01
-5.190000e-02   1.196822e+01
-5.180000e-02   1.193794e+01
-5.170000e-02   1.190770e+01
-5.160000e-02   1.187748e+01
-5.150000e-02   1.184727e+01
-5.140000e-02   1.181711e+01
-5.130000e-02   1.178697e+01
-5.120000e-02   1.175683e+01
-5.110000e-02   1.172669e+01
-5.100000e-02   1.169670e+01
-5.090000e-02   1.166665e+01
-5.080000e-02   1.163662e+01
-5.070000e-02   1.160660e+01
-5.060000e-02   1.157650e+01
-5.050000e-02   1.154771e+01
-5.040000e-02   1.151697e+01
-5.030000e-02   1.148708e+01
-5.020000e-02   1.145720e+01
-5.010000e-02   1.142736e+01
-5.000000e-02   1.139750e+01
-4.990000e-02   1.136769e+01
-4.980000e-02   1.133791e+01
-4.970000e-02   1.130816e+01
-4.960000e-02   1.127845e+01
-4.950000e-02   1.124873e+01
-4.940000e-02   1.121895e+01
-4.930000e-02   1.119038e+01
-4.920000e-02   1.115989e+01
-4.910000e-02   1.113027e+01
-4.900000e-02   1.110070e+01
-4.890000e-02   1.107110e+01
-4.880000e-02   1.104149e+01
-4.870000e-02   1.101240e+01
-4.860000e-02   1.098255e+01
-4.850000e-02   1.095429e+01
-4.840000e-02   1.092393e+01
-4.830000e-02   1.089449e+01
-4.820000e-02   1.086511e+01
-4.810000e-02   1.083577e+01
-4.800000e-02   1.080650e+01
-4.790000e-02   1.077716e+01
-4.780000e-02   1.074791e+01
-4.770000e-02   1.071865e+01
-4.760000e-02   1.068946e+01
-4.750000e-02   1.066021e+01
-4.740000e-02   1.063108e+01
-4.730000e-02   1.060191e+01
-4.720000e-02   1.057279e+01
-4.710000e-02   1.054375e+01
-4.700000e-02   1.051470e+01
-4.690000e-02   1.048616e+01
-4.680000e-02   1.045670e+01
-4.670000e-02   1.042768e+01
-4.660000e-02   1.039872e+01
-4.650000e-02   1.036978e+01
-4.640000e-02   1.034093e+01
-4.630000e-02   1.031205e+01
-4.620000e-02   1.028316e+01
-4.610000e-02   1.025431e+01
-4.600000e-02   1.022547e+01
-4.590000e-02   1.019668e+01
-4.580000e-02   1.016787e+01
-4.570000e-02   1.013914e+01
-4.560000e-02   1.011042e+01
-4.550000e-02   1.008170e+01
-4.540000e-02   1.005304e+01
-4.530000e-02   1.002485e+01
-4.520000e-02   9.996229e+00
-4.510000e-02   9.967578e+00
-4.500000e-02   9.939005e+00
-4.490000e-02   9.910418e+00
-4.480000e-02   9.881901e+00
-4.470000e-02   9.853385e+00
-4.460000e-02   9.824907e+00
-4.450000e-02   9.796455e+00
-4.440000e-02   9.768044e+00
-4.430000e-02   9.739667e+00
-4.420000e-02   9.711305e+00
-4.410000e-02   9.682975e+00
-4.400000e-02   9.654616e+00
-4.390000e-02   9.626332e+00
-4.380000e-02   9.598051e+00
-4.370000e-02   9.569805e+00
-4.360000e-02   9.541589e+00
-4.350000e-02   9.513401e+00
-4.340000e-02   9.485231e+00
-4.330000e-02   9.457090e+00
-4.320000e-02   9.428975e+00
-4.310000e-02   9.400888e+00
-4.300000e-02   9.372931e+00
-4.290000e-02   9.344903e+00
-4.280000e-02   9.316888e+00
-4.270000e-02   9.288902e+00
-4.260000e-02   9.260937e+00
-4.250000e-02   9.233008e+00
-4.240000e-02   9.205129e+00
-4.230000e-02   9.177281e+00
-4.220000e-02   9.149421e+00
-4.210000e-02   9.121585e+00
-4.200000e-02   9.093794e+00
-4.190000e-02   9.066551e+00
-4.180000e-02   9.041639e+00
-4.170000e-02   9.010621e+00
-4.160000e-02   8.982963e+00
-4.150000e-02   8.955968e+00
-4.140000e-02   8.927570e+00
-4.130000e-02   8.899947e+00
-4.120000e-02   8.872358e+00
-4.110000e-02   8.844792e+00
-4.100000e-02   8.817247e+00
-4.090000e-02   8.789735e+00
-4.080000e-02   8.762280e+00
-4.070000e-02   8.734833e+00
-4.060000e-02   8.707401e+00
-4.050000e-02   8.679981e+00
-4.040000e-02   8.652604e+00
-4.030000e-02   8.625237e+00
-4.020000e-02   8.597910e+00
-4.010000e-02   8.570613e+00
-4.000000e-02   8.543323e+00
-3.990000e-02   8.516093e+00
-3.980000e-02   8.489199e+00
-3.970000e-02   8.461806e+00
-3.960000e-02   8.434608e+00
-3.950000e-02   8.407439e+00
-3.940000e-02   8.380296e+00
-3.930000e-02   8.353183e+00
-3.920000e-02   8.326099e+00
-3.910000e-02   8.299047e+00
-3.900000e-02   8.272168e+00
-3.890000e-02   8.245452e+00
-3.880000e-02   8.218596e+00
-3.870000e-02   8.191068e+00
-3.860000e-02   8.164157e+00
-3.850000e-02   8.137266e+00
-3.840000e-02   8.110938e+00
-3.830000e-02   8.084329e+00
-3.820000e-02   8.057103e+00
-3.810000e-02   8.030310e+00
-3.800000e-02   8.003292e+00
-3.790000e-02   7.976827e+00
-3.780000e-02   7.949897e+00
-3.770000e-02   7.928583e+00
-3.760000e-02   7.896979e+00
-3.750000e-02   7.870484e+00
-3.740000e-02   7.843246e+00
-3.730000e-02   7.816920e+00
-3.720000e-02   7.790191e+00
-3.710000e-02   7.763826e+00
-3.700000e-02   7.737125e+00
-3.690000e-02   7.710920e+00
-3.680000e-02   7.684245e+00
-3.670000e-02   7.657810e+00
-3.660000e-02   7.631391e+00
-3.650000e-02   7.605582e+00
-3.640000e-02   7.578703e+00
-3.630000e-02   7.552445e+00
-3.620000e-02   7.526131e+00
-3.610000e-02   7.500494e+00
-3.600000e-02   7.473671e+00
-3.590000e-02   7.447461e+00
-3.580000e-02   7.421246e+00
-3.570000e-02   7.395513e+00
-3.560000e-02   7.368991e+00
-3.550000e-02   7.342883e+00
-3.540000e-02   7.316812e+00
-3.530000e-02   7.290823e+00
-3.520000e-02   7.264794e+00
-3.510000e-02   7.238708e+00
-3.500000e-02   7.213034e+00
-3.490000e-02   7.186832e+00
-3.480000e-02   7.161613e+00
-3.470000e-02   7.135177e+00
-3.460000e-02   7.113126e+00
-3.450000e-02   7.087772e+00
-3.440000e-02   7.057576e+00
-3.430000e-02   7.031675e+00
-3.420000e-02   7.006243e+00
-3.410000e-02   6.980903e+00
-3.400000e-02   6.954649e+00
-3.390000e-02   6.928892e+00
-3.380000e-02   6.903107e+00
-3.370000e-02   6.877924e+00
-3.360000e-02   6.852120e+00
-3.350000e-02   6.826491e+00
-3.340000e-02   6.800799e+00
-3.330000e-02   6.775576e+00
-3.320000e-02   6.749916e+00
-3.310000e-02   6.725042e+00
-3.300000e-02   6.699066e+00
-3.290000e-02   6.673508e+00
-3.280000e-02   6.648123e+00
-3.270000e-02   6.622957e+00
-3.260000e-02   6.597437e+00
-3.250000e-02   6.572140e+00
-3.240000e-02   6.546860e+00
-3.230000e-02   6.521612e+00
-3.220000e-02   6.496391e+00
-3.210000e-02   6.471202e+00
-3.200000e-02   6.446174e+00
-3.190000e-02   6.421007e+00
-3.180000e-02   6.395997e+00
-3.170000e-02   6.370721e+00
-3.160000e-02   6.345681e+00
-3.150000e-02   6.320680e+00
-3.140000e-02   6.295706e+00
-3.130000e-02   6.270780e+00
-3.120000e-02   6.245855e+00
-3.110000e-02   6.222640e+00
-3.100000e-02   6.196017e+00
-3.090000e-02   6.171090e+00
-3.080000e-02   6.146169e+00
-3.070000e-02   6.121352e+00
-3.060000e-02   6.096571e+00
-3.050000e-02   6.071808e+00
-3.040000e-02   6.047072e+00
-3.030000e-02   6.022374e+00
-3.020000e-02   5.997699e+00
-3.010000e-02   5.973139e+00
-3.000000e-02   5.949071e+00
-2.990000e-02   5.923981e+00
-2.980000e-02   5.899303e+00
-2.970000e-02   5.875006e+00
-2.960000e-02   5.850335e+00
-2.950000e-02   5.826488e+00
-2.940000e-02   5.801730e+00
-2.930000e-02   5.777415e+00
-2.920000e-02   5.752813e+00
-2.910000e-02   5.728936e+00
-2.900000e-02   5.703807e+00
-2.890000e-02   5.679495e+00
-2.880000e-02   5.655426e+00
-2.870000e-02   5.631079e+00
-2.860000e-02   5.606777e+00
-2.850000e-02   5.584522e+00
-2.840000e-02   5.558369e+00
-2.830000e-02   5.534602e+00
-2.820000e-02   5.510055e+00
-2.810000e-02   5.485973e+00
-2.800000e-02   5.461980e+00
-2.790000e-02   5.438204e+00
-2.780000e-02   5.414177e+00
-2.770000e-02   5.389921e+00
-2.760000e-02   5.366140e+00
-2.750000e-02   5.342459e+00
-2.740000e-02   5.318259e+00
-2.730000e-02   5.294554e+00
-2.720000e-02   5.270455e+00
-2.710000e-02   5.246797e+00
-2.700000e-02   5.223995e+00
-2.690000e-02   5.199044e+00
-2.680000e-02   5.175693e+00
-2.670000e-02   5.153416e+00
-2.660000e-02   5.127798e+00
-2.650000e-02   5.104160e+00
-2.640000e-02   5.080592e+00
-2.630000e-02   5.057019e+00
-2.620000e-02   5.036176e+00
-2.610000e-02   5.010409e+00
-2.600000e-02   4.986545e+00
-2.590000e-02   4.962877e+00
-2.580000e-02   4.939397e+00
-2.570000e-02   4.916553e+00
-2.560000e-02   4.892677e+00
-2.550000e-02   4.869584e+00
-2.540000e-02   4.845936e+00
-2.530000e-02   4.822926e+00
-2.520000e-02   4.801309e+00
-2.510000e-02   4.776140e+00
-2.500000e-02   4.753294e+00
-2.490000e-02   4.730088e+00
-2.480000e-02   4.706806e+00
-2.470000e-02   4.683391e+00
-2.460000e-02   4.660227e+00
-2.450000e-02   4.637215e+00
-2.440000e-02   4.614615e+00
-2.430000e-02   4.591561e+00
-2.420000e-02   4.568370e+00
-2.410000e-02   4.545128e+00
-2.400000e-02   4.522357e+00
-2.390000e-02   4.499280e+00
-2.380000e-02   4.476367e+00
-2.370000e-02   4.453785e+00
-2.360000e-02   4.431117e+00
-2.350000e-02   4.408089e+00
-2.340000e-02   4.385173e+00
-2.330000e-02   4.362480e+00
-2.320000e-02   4.339821e+00
-2.310000e-02   4.317104e+00
-2.300000e-02   4.294531e+00
-2.290000e-02   4.271890e+00
-2.280000e-02   4.249298e+00
-2.270000e-02   4.226737e+00
-2.260000e-02   4.204207e+00
-2.250000e-02   4.181676e+00
-2.240000e-02   4.159269e+00
-2.230000e-02   4.136793e+00
-2.220000e-02   4.114345e+00
-2.210000e-02   4.091887e+00
-2.200000e-02   4.070000e+00
-2.190000e-02   4.048018e+00
-2.180000e-02   4.031897e+00
-2.170000e-02   4.003043e+00
-2.160000e-02   3.983241e+00
-2.150000e-02   3.958482e+00
-2.140000e-02   3.936201e+00
-2.130000e-02   3.917485e+00
-2.120000e-02   3.892525e+00
-2.110000e-02   3.872180e+00
-2.100000e-02   3.847592e+00
-2.090000e-02   3.829914e+00
-2.080000e-02   3.803875e+00
-2.070000e-02   3.781609e+00
-2.060000e-02   3.762905e+00
-2.050000e-02   3.738366e+00
-2.040000e-02   3.716497e+00
-2.030000e-02   3.696654e+00
-2.020000e-02   3.678387e+00
-2.010000e-02   3.650423e+00
-2.000000e-02   3.632080e+00
-1.990000e-02   3.607261e+00
-1.980000e-02   3.591183e+00
-1.970000e-02   3.563666e+00
-1.960000e-02   3.545106e+00
-1.950000e-02   3.520831e+00
-1.940000e-02   3.502030e+00
-1.930000e-02   3.477263e+00
-1.920000e-02   3.458784e+00
-1.910000e-02   3.434157e+00
-1.900000e-02   3.414090e+00
-1.890000e-02   3.395410e+00
-1.880000e-02   3.370027e+00
-1.870000e-02   3.351732e+00
-1.860000e-02   3.327175e+00
-1.850000e-02   3.309330e+00
-1.840000e-02   3.284635e+00
-1.830000e-02   3.266557e+00
-1.820000e-02   3.242125e+00
-1.810000e-02   3.221990e+00
-1.800000e-02   3.201744e+00
-1.790000e-02   3.182735e+00
-1.780000e-02   3.157904e+00
-1.770000e-02   3.141334e+00
-1.760000e-02   3.115695e+00
-1.750000e-02   3.098730e+00
-1.740000e-02   3.074285e+00
-1.730000e-02   3.052909e+00
-1.720000e-02   3.035035e+00
-1.710000e-02   3.010880e+00
-1.700000e-02   2.992424e+00
-1.690000e-02   2.973045e+00
-1.680000e-02   2.953500e+00
-1.670000e-02   2.928037e+00
-1.660000e-02   2.907303e+00
-1.650000e-02   2.891220e+00
-1.640000e-02   2.865886e+00
-1.630000e-02   2.845286e+00
-1.620000e-02   2.829999e+00
-1.610000e-02   2.804935e+00
-1.600000e-02   2.785750e+00
-1.590000e-02   2.772134e+00
-1.580000e-02   2.742858e+00
-1.570000e-02   2.722652e+00
-1.560000e-02   2.701737e+00
-1.550000e-02   2.687502e+00
-1.540000e-02   2.661487e+00
-1.530000e-02   2.646417e+00
-1.520000e-02   2.621045e+00
-1.510000e-02   2.605976e+00
-1.500000e-02   2.580168e+00
-1.490000e-02   2.560220e+00
-1.480000e-02   2.545484e+00
-1.470000e-02   2.525616e+00
-1.460000e-02   2.499599e+00
-1.450000e-02   2.479748e+00
-1.440000e-02   2.463306e+00
-1.430000e-02   2.442413e+00
-1.420000e-02   2.421056e+00
-1.410000e-02   2.409697e+00
-1.400000e-02   2.380009e+00
-1.390000e-02   2.359944e+00
-1.380000e-02   2.340152e+00
-1.370000e-02   2.320353e+00
-1.360000e-02   2.300898e+00
-1.350000e-02   2.280889e+00
-1.340000e-02   2.261137e+00
-1.330000e-02   2.241715e+00
-1.320000e-02   2.235308e+00
-1.310000e-02   2.216853e+00
-1.300000e-02   2.197844e+00
-1.290000e-02   2.178201e+00
-1.280000e-02   2.160231e+00
-1.270000e-02   2.141170e+00
-1.260000e-02   2.121508e+00
-1.250000e-02   2.102646e+00
-1.240000e-02   2.083442e+00
-1.230000e-02   2.064089e+00
-1.220000e-02   2.037887e+00
-1.210000e-02   2.008746e+00
-1.200000e-02   1.989382e+00
-1.190000e-02   1.970374e+00
-1.180000e-02   1.951127e+00
-1.170000e-02   1.932197e+00
-1.160000e-02   1.912817e+00
-1.150000e-02   1.894043e+00
-1.140000e-02   1.874903e+00
-1.130000e-02   1.855799e+00
-1.120000e-02   1.837254e+00
-1.110000e-02   1.818262e+00
-1.100000e-02   1.799333e+00
-1.090000e-02   1.780932e+00
-1.080000e-02   1.761691e+00
-1.070000e-02   1.742838e+00
-1.060000e-02   1.724493e+00
-1.050000e-02   1.705603e+00
-1.040000e-02   1.687164e+00
-1.030000e-02   1.668256e+00
-1.020000e-02   1.650006e+00
-1.010000e-02   1.631474e+00
-1.000000e-02   1.612572e+00
-9.900000e-03   1.594525e+00
-9.800000e-03   1.575739e+00
-9.700000e-03   1.557336e+00
-9.600000e-03   1.539160e+00
-9.500000e-03   1.521139e+00
-9.400000e-03   1.502243e+00
-9.300000e-03   1.484247e+00
-9.200000e-03   1.466279e+00
-9.100000e-03   1.448020e+00
-9.000000e-03   1.430038e+00
-8.900000e-03   1.411534e+00
-8.800000e-03   1.393444e+00
-8.700000e-03   1.375383e+00
-8.600000e-03   1.357759e+00
-8.500000e-03   1.339384e+00
-8.400000e-03   1.321798e+00
-8.300000e-03   1.304586e+00
-8.200000e-03   1.285976e+00
-8.100000e-03   1.268315e+00
-8.000000e-03   1.250806e+00
-7.900000e-03   1.233006e+00
-7.800000e-03   1.215923e+00
-7.700000e-03   1.197541e+00
-7.600000e-03   1.179722e+00
-7.500000e-03   1.162971e+00
-7.400000e-03   1.145104e+00
-7.300000e-03   1.127509e+00
-7.200000e-03   1.110196e+00
-7.100000e-03   1.093467e+00
-7.000000e-03   1.075368e+00
-6.900000e-03   1.058944e+00
-6.800000e-03   1.040800e+00
-6.700000e-03   1.023879e+00
-6.600000e-03   1.007236e+00
-6.500000e-03   1.001458e+00
-6.400000e-03   9.721028e-01
-6.300000e-03   9.550693e-01
-6.200000e-03   9.381047e-01
-6.100000e-03   9.222157e-01
-6.000000e-03   9.062419e-01
-5.900000e-03   8.887938e-01
-5.800000e-03   8.725076e-01
-5.700000e-03   9.932338e-01
-5.600000e-03   9.697183e-01
-5.500000e-03   9.314339e-01
-5.400000e-03   8.917427e-01
-5.300000e-03   9.253769e-01
-5.200000e-03   8.940916e-01
-5.100000e-03   8.602172e-01
-5.000000e-03   8.563768e-01
-4.900000e-03   8.200193e-01
-4.800000e-03   7.736998e-01
-4.700000e-03   7.300572e-01
-4.600000e-03   6.867318e-01
-4.500000e-03   6.558121e-01
-4.400000e-03   6.399257e-01
-4.300000e-03   6.234150e-01
-4.200000e-03   6.073612e-01
-4.100000e-03   5.913512e-01
-4.000000e-03   5.752268e-01
-3.900000e-03   5.593639e-01
-3.800000e-03   5.433952e-01
-3.700000e-03   5.276567e-01
-3.600000e-03   5.117783e-01
-3.500000e-03   4.961598e-01
-3.400000e-03   4.806369e-01
-3.300000e-03   4.652874e-01
-3.200000e-03   4.492851e-01
-3.100000e-03   4.346402e-01
-3.000000e-03   4.337848e-01
-2.900000e-03   4.029566e-01
-2.800000e-03   3.876217e-01
-2.700000e-03   3.723329e-01
-2.600000e-03   3.572297e-01
-2.500000e-03   3.421423e-01
-2.400000e-03   3.272231e-01
-2.300000e-03   3.122164e-01
-2.200000e-03   2.972211e-01
-2.100000e-03   2.822863e-01
-2.000000e-03   2.673934e-01
-1.900000e-03   2.525960e-01
-1.800000e-03   2.379190e-01
-1.700000e-03   2.233107e-01
-1.600000e-03   2.090303e-01
-1.500000e-03   1.945614e-01
-1.400000e-03   1.800548e-01
-1.300000e-03   1.659459e-01
-1.200000e-03   1.518707e-01
-1.100000e-03   1.381494e-01
-1.000000e-03   1.242610e-01
-9.000000e-04   1.108976e-01
-8.000000e-04   9.660880e-02
-7.000000e-04   8.319297e-02
-6.000000e-04   7.049116e-02
-5.000000e-04   5.859056e-02
-4.000000e-04   5.864352e-02
-3.000000e-04   3.089356e-02
-2.000000e-04   1.817765e-02
-1.000000e-04   1.231591e-02
1.828155e-15   5.591699e-10
1.000000e-04   2.113421e-02
2.000000e-04   5.801393e-02
3.000000e-04   1.142964e-01
4.000000e-04   1.917701e-01
5.000000e-04   2.903357e-01
6.000000e-04   4.109385e-01
7.000000e-04   5.518789e-01
8.000000e-04   7.148300e-01
9.000000e-04   9.003735e-01
1.000000e-03   1.106833e+00
1.100000e-03   1.332533e+00
1.200000e-03   1.581122e+00
1.300000e-03   1.851976e+00
1.400000e-03   2.142222e+00
1.500000e-03   2.453903e+00
1.600000e-03   2.787162e+00
1.700000e-03   3.142472e+00
1.800000e-03   3.516891e+00
1.900000e-03   3.917440e+00
2.000000e-03   4.336253e+00
2.100000e-03   4.778231e+00
2.200000e-03   5.241661e+00
2.300000e-03   5.726256e+00
2.400000e-03   6.234683e+00
2.500000e-03   6.763146e+00
2.600000e-03   7.322031e+00
2.700000e-03   7.897102e+00
2.800000e-03   8.484644e+00
2.900000e-03   9.096137e+00
3.000000e-03   9.738615e+00
3.100000e-03   1.039026e+01
3.200000e-03   1.106606e+01
3.300000e-03   1.176178e+01
3.400000e-03   1.250732e+01
3.500000e-03   1.325245e+01
3.600000e-03   1.402003e+01
3.700000e-03   1.480116e+01
3.800000e-03   1.560716e+01
3.900000e-03   1.643213e+01
4.000000e-03   1.729161e+01
4.100000e-03   1.816343e+01
4.200000e-03   1.906790e+01
4.300000e-03   1.997808e+01
4.400000e-03   2.091342e+01
4.500000e-03   2.186649e+01
4.600000e-03   2.285377e+01
4.700000e-03   2.385016e+01
4.800000e-03   2.486895e+01
4.900000e-03   2.591566e+01
5.000000e-03   2.698343e+01
5.100000e-03   2.807542e+01
5.200000e-03   2.918784e+01
5.300000e-03   3.031503e+01
5.400000e-03   3.147025e+01
5.500000e-03   3.264034e+01
5.600000e-03   3.384056e+01
5.700000e-03   3.506159e+01
5.800000e-03   3.630297e+01
5.900000e-03   3.756959e+01
6.000000e-03   3.886107e+01
6.100000e-03   4.016585e+01
6.200000e-03   4.149688e+01
6.300000e-03   4.283894e+01
6.400000e-03   4.421012e+01
6.500000e-03   4.559599e+01
6.600000e-03   4.700089e+01
6.700000e-03   4.843446e+01
6.800000e-03   4.989768e+01
6.900000e-03   5.137340e+01
7.000000e-03   5.286394e+01
7.100000e-03   5.438727e+01
7.200000e-03   5.592197e+01
7.300000e-03   5.748861e+01
7.400000e-03   5.908155e+01
7.500000e-03   6.068773e+01
7.600000e-03   6.231215e+01
7.700000e-03   6.396757e+01
7.800000e-03   6.563475e+01
7.900000e-03   6.732532e+01
8.000000e-03   6.903829e+01
8.100000e-03   7.077736e+01
8.200000e-03   7.252546e+01
8.300000e-03   7.430492e+01
8.400000e-03   7.610069e+01
8.500000e-03   7.791817e+01
8.600000e-03   7.976115e+01
8.700000e-03   8.162415e+01
8.800000e-03   8.351634e+01
8.900000e-03   8.542151e+01
9.000000e-03   8.734961e+01
9.100000e-03   8.930619e+01
9.200000e-03   9.128920e+01
9.300000e-03   9.328462e+01
9.400000e-03   9.529386e+01
9.500000e-03   9.732598e+01
9.600000e-03   9.939051e+01
9.700000e-03   1.014834e+02
9.800000e-03   1.035922e+02
9.900000e-03   1.057135e+02
1.000000e-02   1.078541e+02
1.010000e-02   1.100183e+02
1.020000e-02   1.122026e+02
1.030000e-02   1.144080e+02
1.040000e-02   1.166484e+02
1.050000e-02   1.189028e+02
1.060000e-02   1.211764e+02
1.070000e-02   1.234714e+02
1.080000e-02   1.257900e+02
1.090000e-02   1.281419e+02
1.100000e-02   1.305024e+02
1.110000e-02   1.328776e+02
1.120000e-02   1.352823e+02
1.130000e-02   1.377124e+02
1.140000e-02   1.401592e+02
1.150000e-02   1.426218e+02
1.160000e-02   1.451132e+02
1.170000e-02   1.476234e+02
1.180000e-02   1.501544e+02
1.190000e-02   1.527118e+02
1.200000e-02   1.552895e+02
1.210000e-02   1.578882e+02
1.220000e-02   1.605087e+02
1.230000e-02   1.631483e+02
1.240000e-02   1.658083e+02
1.250000e-02   1.684945e+02
1.260000e-02   1.712008e+02
1.270000e-02   1.739342e+02
1.280000e-02   1.766827e+02
1.290000e-02   1.794510e+02
1.300000e-02   1.822471e+02
1.310000e-02   1.850644e+02
1.320000e-02   1.879142e+02
1.330000e-02   1.907695e+02
1.340000e-02   1.936446e+02
1.350000e-02   1.965420e+02
1.360000e-02   1.994618e+02
1.370000e-02   2.024012e+02
1.380000e-02   2.053636e+02
1.390000e-02   2.083467e+02
1.400000e-02   2.113520e+02
1.410000e-02   2.143796e+02
1.420000e-02   2.174287e+02
1.430000e-02   2.204998e+02
1.440000e-02   2.235927e+02
1.450000e-02   2.267074e+02
1.460000e-02   2.298423e+02
1.470000e-02   2.330040e+02
1.480000e-02   2.361870e+02
1.490000e-02   2.393876e+02
1.500000e-02   2.426042e+02
1.510000e-02   2.458540e+02
1.520000e-02   2.491216e+02
1.530000e-02   2.524097e+02
1.540000e-02   2.557211e+02
1.550000e-02   2.590565e+02
1.560000e-02   2.624136e+02
1.570000e-02   2.657856e+02
1.580000e-02   2.691786e+02
1.590000e-02   2.725863e+02
1.600000e-02   2.760298e+02
1.610000e-02   2.794964e+02
1.620000e-02   2.829861e+02
1.630000e-02   2.864839e+02
1.640000e-02   2.900071e+02
1.650000e-02   2.935513e+02
1.660000e-02   2.971161e+02
1.670000e-02   3.007034e+02
1.680000e-02   3.043129e+02
1.690000e-02   3.079502e+02
1.700000e-02   3.116180e+02
1.710000e-02   3.153012e+02
1.720000e-02   3.189898e+02
1.730000e-02   3.227066e+02
1.740000e-02   3.264511e+02
1.750000e-02   3.302062e+02
1.760000e-02   3.339950e+02
1.770000e-02   3.377981e+02
1.780000e-02   3.416322e+02
1.790000e-02   3.455018e+02
1.800000e-02   3.493625e+02
1.810000e-02   3.532599e+02
1.820000e-02   3.571735e+02
1.830000e-02   3.611018e+02
1.840000e-02   3.650509e+02
1.850000e-02   3.690337e+02
1.860000e-02   3.730313e+02
1.870000e-02   3.770448e+02
1.880000e-02   3.810937e+02
1.890000e-02   3.851506e+02
1.900000e-02   3.892426e+02
1.910000e-02   3.933487e+02
1.920000e-02   3.974748e+02
1.930000e-02   4.016251e+02
1.940000e-02   4.057883e+02
1.950000e-02   4.099877e+02
1.960000e-02   4.142011e+02
1.970000e-02   4.184361e+02
1.980000e-02   4.226934e+02
1.990000e-02   4.269649e+02
2.000000e-02   4.312669e+02
2.010000e-02   4.355968e+02
2.020000e-02   4.399521e+02
2.030000e-02   4.443261e+02
2.040000e-02   4.487198e+02
2.050000e-02   4.531599e+02
2.060000e-02   4.575821e+02
2.070000e-02   4.620419e+02
2.080000e-02   4.665151e+02
2.090000e-02   4.710091e+02
2.100000e-02   4.755243e+02
2.110000e-02   4.800627e+02
2.120000e-02   4.846214e+02
2.130000e-02   4.892012e+02
2.140000e-02   4.938022e+02
2.150000e-02   4.984252e+02
2.160000e-02   5.030701e+02
2.170000e-02   5.077366e+02
2.180000e-02   5.124246e+02
2.190000e-02   5.171342e+02
2.200000e-02   5.218656e+02
2.210000e-02   5.266191e+02
2.220000e-02   5.313944e+02
2.230000e-02   5.361893e+02
2.240000e-02   5.410060e+02
2.250000e-02   5.458447e+02
2.260000e-02   5.507058e+02
2.270000e-02   5.555865e+02
2.280000e-02   5.604897e+02
2.290000e-02   5.654141e+02
2.300000e-02   5.703606e+02
2.310000e-02   5.753300e+02
2.320000e-02   5.803193e+02
2.330000e-02   5.853310e+02
2.340000e-02   5.903640e+02
2.350000e-02   5.954177e+02
2.360000e-02   6.005096e+02
2.370000e-02   6.056182e+02
2.380000e-02   6.107712e+02
2.390000e-02   6.159103e+02
2.400000e-02   6.210719e+02
2.410000e-02   6.262562e+02
2.420000e-02   6.314620e+02
2.430000e-02   6.366891e+02
2.440000e-02   6.419365e+02
2.450000e-02   6.472061e+02
2.460000e-02   6.524978e+02
2.470000e-02   6.578104e+02
2.480000e-02   6.631465e+02
2.490000e-02   6.685013e+02
2.500000e-02   6.738781e+02
2.510000e-02   6.792785e+02
2.520000e-02   6.846985e+02
2.530000e-02   6.901400e+02
2.540000e-02   6.956035e+02
2.550000e-02   7.010893e+02
2.560000e-02   7.065965e+02
2.570000e-02   7.121259e+02
2.580000e-02   7.176766e+02
2.590000e-02   7.232480e+02
2.600000e-02   7.288415e+02
2.610000e-02   7.344566e+02
2.620000e-02   7.400924e+02
2.630000e-02   7.457700e+02
2.640000e-02   7.514771e+02
2.650000e-02   7.571786e+02
2.660000e-02   7.629012e+02
2.670000e-02   7.686467e+02
2.680000e-02   7.744139e+02
2.690000e-02   7.802009e+02
2.700000e-02   7.860104e+02
2.710000e-02   7.918401e+02
2.720000e-02   7.976915e+02
2.730000e-02   8.035645e+02
2.740000e-02   8.094600e+02
2.750000e-02   8.153781e+02
2.760000e-02   8.213171e+02
2.770000e-02   8.272762e+02
2.780000e-02   8.332586e+02
2.790000e-02   8.392606e+02
2.800000e-02   8.452854e+02
2.810000e-02   8.513320e+02
2.820000e-02   8.574005e+02
2.830000e-02   8.634882e+02
2.840000e-02   8.695990e+02
2.850000e-02   8.757573e+02
2.860000e-02   8.819562e+02
2.870000e-02   8.881329e+02
2.880000e-02   8.943319e+02
2.890000e-02   9.005506e+02
2.900000e-02   9.067921e+02
2.910000e-02   9.130532e+02
2.920000e-02   9.193370e+02
2.930000e-02   9.256405e+02
2.940000e-02   9.319668e+02
2.950000e-02   9.383142e+02
2.960000e-02   9.446854e+02
2.970000e-02   9.510755e+02
2.980000e-02   9.574890e+02
2.990000e-02   9.639238e+02
3.000000e-02   9.703782e+02
3.010000e-02   9.768551e+02
3.020000e-02   9.833546e+02
3.030000e-02   9.898743e+02
3.040000e-02   9.964172e+02
3.050000e-02   1.002980e+03
3.060000e-02   1.009567e+03
3.070000e-02   1.016173e+03
3.080000e-02   1.022800e+03
3.090000e-02   1.029450e+03
3.100000e-02   1.036123e+03
3.110000e-02   1.042816e+03
3.120000e-02   1.049540e+03
3.130000e-02   1.056277e+03
3.140000e-02   1.063050e+03
3.150000e-02   1.069893e+03
3.160000e-02   1.076696e+03
3.170000e-02   1.083521e+03
3.180000e-02   1.090367e+03
3.190000e-02   1.097235e+03
3.200000e-02   1.104124e+03
3.210000e-02   1.111036e+03
3.220000e-02   1.117968e+03
3.230000e-02   1.124923e+03
3.240000e-02   1.131899e+03
3.250000e-02   1.138896e+03
3.260000e-02   1.145912e+03
3.270000e-02   1.152953e+03
3.280000e-02   1.160016e+03
3.290000e-02   1.167100e+03
3.300000e-02   1.174204e+03
3.310000e-02   1.181331e+03
3.320000e-02   1.188479e+03
3.330000e-02   1.195649e+03
3.340000e-02   1.202839e+03
3.350000e-02   1.210052e+03
3.360000e-02   1.217286e+03
3.370000e-02   1.224543e+03
3.380000e-02   1.231820e+03
3.390000e-02   1.239118e+03
3.400000e-02   1.246440e+03
3.410000e-02   1.253782e+03
3.420000e-02   1.261146e+03
3.430000e-02   1.268533e+03
3.440000e-02   1.275939e+03
3.450000e-02   1.283367e+03
3.460000e-02   1.290815e+03
3.470000e-02   1.298284e+03
3.480000e-02   1.305777e+03
3.490000e-02   1.313290e+03
3.500000e-02   1.320827e+03
3.510000e-02   1.328386e+03
3.520000e-02   1.335966e+03
3.530000e-02   1.343565e+03
3.540000e-02   1.351188e+03
3.550000e-02   1.358833e+03
3.560000e-02   1.366499e+03
3.570000e-02   1.374185e+03
3.580000e-02   1.381892e+03
3.590000e-02   1.389623e+03
3.600000e-02   1.397372e+03
3.610000e-02   1.405144e+03
3.620000e-02   1.412940e+03
3.630000e-02   1.420754e+03
3.640000e-02   1.428593e+03
3.650000e-02   1.436450e+03
3.660000e-02   1.444331e+03
3.670000e-02   1.452232e+03
3.680000e-02   1.460153e+03
3.690000e-02   1.468099e+03
3.700000e-02   1.476064e+03
3.710000e-02   1.484053e+03
3.720000e-02   1.492062e+03
3.730000e-02   1.500093e+03
3.740000e-02   1.508145e+03
3.750000e-02   1.516218e+03
3.760000e-02   1.524317e+03
3.770000e-02   1.532432e+03
3.780000e-02   1.540573e+03
3.790000e-02   1.548735e+03
3.800000e-02   1.556918e+03
3.810000e-02   1.565121e+03
3.820000e-02   1.573345e+03
3.830000e-02   1.581591e+03
3.840000e-02   1.589863e+03
3.850000e-02   1.598154e+03
3.860000e-02   1.606467e+03
3.870000e-02   1.614800e+03
3.880000e-02   1.623156e+03
3.890000e-02   1.631532e+03
3.900000e-02   1.639929e+03
3.910000e-02   1.648347e+03
3.920000e-02   1.656788e+03
3.930000e-02   1.665249e+03
3.940000e-02   1.673734e+03
3.950000e-02   1.682238e+03
3.960000e-02   1.690764e+03
3.970000e-02   1.699313e+03
3.980000e-02   1.707882e+03
3.990000e-02   1.716472e+03
4.000000e-02   1.725085e+03
4.010000e-02   1.733719e+03
4.020000e-02   1.742376e+03
4.030000e-02   1.751054e+03
4.040000e-02   1.759754e+03
4.050000e-02   1.768475e+03
4.060000e-02   1.777217e+03
4.070000e-02   1.785982e+03
4.080000e-02   1.794769e+03
4.090000e-02   1.803576e+03
4.100000e-02   1.812401e+03
4.110000e-02   1.821251e+03
4.120000e-02   1.830121e+03
4.130000e-02   1.839013e+03
4.140000e-02   1.847927e+03
4.150000e-02   1.856862e+03
4.160000e-02   1.865820e+03
4.170000e-02   1.874798e+03
4.180000e-02   1.883799e+03
4.190000e-02   1.892821e+03
4.200000e-02   1.901864e+03
4.210000e-02   1.910928e+03
4.220000e-02   1.920013e+03
4.230000e-02   1.929121e+03
4.240000e-02   1.938249e+03
4.250000e-02   1.947399e+03
4.260000e-02   1.956569e+03
4.270000e-02   1.965763e+03
4.280000e-02   1.974978e+03
4.290000e-02   1.984214e+03
4.300000e-02   1.993473e+03
4.310000e-02   2.002752e+03
4.320000e-02   2.012054e+03
4.330000e-02   2.021376e+03
4.340000e-02   2.030722e+03
4.350000e-02   2.040087e+03
4.360000e-02   2.049475e+03
4.370000e-02   2.058884e+03
4.380000e-02   2.068316e+03
4.390000e-02   2.077767e+03
4.400000e-02   2.087242e+03
4.410000e-02   2.096743e+03
4.420000e-02   2.106261e+03
4.430000e-02   2.115829e+03
4.440000e-02   2.125390e+03
4.450000e-02   2.134971e+03
4.460000e-02   2.144573e+03
4.470000e-02   2.154198e+03
4.480000e-02   2.163845e+03
4.490000e-02   2.173512e+03
4.500000e-02   2.183202e+03
4.510000e-02   2.192912e+03
4.520000e-02   2.202646e+03
4.530000e-02   2.212399e+03
4.540000e-02   2.222178e+03
4.550000e-02   2.231975e+03
4.560000e-02   2.241793e+03
4.570000e-02   2.251641e+03
4.580000e-02   2.261505e+03
4.590000e-02   2.271419e+03
4.600000e-02   2.281324e+03
4.610000e-02   2.291249e+03
4.620000e-02   2.301198e+03
4.630000e-02   2.311167e+03
4.640000e-02   2.321158e+03
4.650000e-02   2.331171e+03
4.660000e-02   2.341206e+03
4.670000e-02   2.351261e+03
4.680000e-02   2.361339e+03
4.690000e-02   2.371438e+03
4.700000e-02   2.381559e+03
4.710000e-02   2.391701e+03
4.720000e-02   2.401865e+03
4.730000e-02   2.412060e+03
4.740000e-02   2.422269e+03
4.750000e-02   2.432544e+03
4.760000e-02   2.442795e+03
4.770000e-02   2.453065e+03
4.780000e-02   2.463358e+03
4.790000e-02   2.473675e+03
4.800000e-02   2.484010e+03
4.810000e-02   2.494369e+03
4.820000e-02   2.504748e+03
4.830000e-02   2.515148e+03
4.840000e-02   2.525570e+03
4.850000e-02   2.536014e+03
4.860000e-02   2.546479e+03
4.870000e-02   2.556967e+03
4.880000e-02   2.567474e+03
4.890000e-02   2.578005e+03
4.900000e-02   2.588556e+03
4.910000e-02   2.599130e+03
4.920000e-02   2.609724e+03
4.930000e-02   2.620339e+03
4.940000e-02   2.630977e+03
4.950000e-02   2.641638e+03
4.960000e-02   2.652320e+03
4.970000e-02   2.663022e+03
4.980000e-02   2.673752e+03
4.990000e-02   2.684497e+03
5.000000e-02   2.695266e+03
5.010000e-02   2.706063e+03
5.020000e-02   2.716879e+03
5.030000e-02   2.727763e+03
5.040000e-02   2.738617e+03
5.050000e-02   2.749494e+03
5.060000e-02   2.760390e+03
5.070000e-02   2.771310e+03
5.080000e-02   2.782251e+03
5.090000e-02   2.793215e+03
5.100000e-02   2.804198e+03
5.110000e-02   2.815202e+03
5.120000e-02   2.826230e+03
5.130000e-02   2.837281e+03
5.140000e-02   2.848350e+03
5.150000e-02   2.859441e+03
5.160000e-02   2.870553e+03
5.170000e-02   2.881686e+03
5.180000e-02   2.892842e+03
5.190000e-02   2.904020e+03
5.200000e-02   2.915217e+03
5.210000e-02   2.926437e+03
5.220000e-02   2.937677e+03
5.230000e-02   2.948939e+03
5.240000e-02   2.960223e+03
5.250000e-02   2.971529e+03
5.260000e-02   2.982857e+03
5.270000e-02   2.994205e+03
5.280000e-02   3.005575e+03
5.290000e-02   3.016966e+03
5.300000e-02   3.028380e+03
5.310000e-02   3.039816e+03
5.320000e-02   3.051273e+03
5.330000e-02   3.062751e+03
5.340000e-02   3.074251e+03
5.350000e-02   3.085773e+03
5.360000e-02   3.097319e+03
5.370000e-02   3.108882e+03
5.380000e-02   3.120468e+03
5.390000e-02   3.132076e+03
5.400000e-02   3.143705e+03
5.410000e-02   3.155364e+03
5.420000e-02   3.167034e+03
5.430000e-02   3.178728e+03
5.440000e-02   3.190442e+03
5.450000e-02   3.202179e+03
5.460000e-02   3.213937e+03
5.470000e-02   3.225717e+03
5.480000e-02   3.237518e+03
5.490000e-02   3.249348e+03
5.500000e-02   3.261201e+03
5.510000e-02   3.273097e+03
5.520000e-02   3.284985e+03
5.530000e-02   3.296894e+03
5.540000e-02   3.308826e+03
5.550000e-02   3.320778e+03
5.560000e-02   3.332754e+03
5.570000e-02   3.344749e+03
5.580000e-02   3.356769e+03
5.590000e-02   3.368806e+03
5.600000e-02   3.380867e+03
5.610000e-02   3.392948e+03
5.620000e-02   3.405063e+03
5.630000e-02   3.417192e+03
5.640000e-02   3.429384e+03
5.650000e-02   3.441552e+03
5.660000e-02   3.453741e+03
5.670000e-02   3.465951e+03
5.680000e-02   3.478183e+03
5.690000e-02   3.490438e+03
5.700000e-02   3.502713e+03
5.710000e-02   3.515012e+03
5.720000e-02   3.527330e+03
5.730000e-02   3.539670e+03
5.740000e-02   3.552035e+03
5.750000e-02   3.564417e+03
5.760000e-02   3.576822e+03
5.770000e-02   3.589248e+03
5.780000e-02   3.601696e+03
5.790000e-02   3.614165e+03
5.800000e-02   3.626661e+03
5.810000e-02   3.639173e+03
5.820000e-02   3.651708e+03
5.830000e-02   3.664265e+03
5.840000e-02   3.676840e+03
5.850000e-02   3.689439e+03
5.860000e-02   3.702060e+03
5.870000e-02   3.714705e+03
5.880000e-02   3.727367e+03
5.890000e-02   3.740052e+03
5.900000e-02   3.752758e+03
5.910000e-02   3.765489e+03
5.920000e-02   3.778239e+03
5.930000e-02   3.791011e+03
5.940000e-02   3.803808e+03
5.950000e-02   3.816624e+03
5.960000e-02   3.829459e+03
5.970000e-02   3.842317e+03
5.980000e-02   3.855195e+03
5.990000e-02   3.868105e+03
6.000000e-02   3.881036e+03
6.010000e-02   3.893984e+03
6.020000e-02   3.906947e+03
6.030000e-02   3.919937e+03
6.040000e-02   3.932979e+03
6.050000e-02   3.946010e+03
6.060000e-02   3.959063e+03
6.070000e-02   3.972135e+03
6.080000e-02   3.985230e+03
6.090000e-02   3.998344e+03
6.100000e-02   4.011482e+03
6.110000e-02   4.024645e+03
6.120000e-02   4.037826e+03
6.130000e-02   4.051029e+03
6.140000e-02   4.064251e+03
6.150000e-02   4.077499e+03
6.160000e-02   4.090767e+03
6.170000e-02   4.104056e+03
6.180000e-02   4.117373e+03
6.190000e-02   4.130704e+03
6.200000e-02   4.144056e+03
6.210000e-02   4.157430e+03
6.220000e-02   4.170826e+03
6.230000e-02   4.184244e+03
6.240000e-02   4.197686e+03
6.250000e-02   4.211148e+03
6.260000e-02   4.224641e+03
6.270000e-02   4.238149e+03
6.280000e-02   4.251715e+03
6.290000e-02   4.265264e+03
6.300000e-02   4.278832e+03
6.310000e-02   4.292425e+03
6.320000e-02   4.306038e+03
6.330000e-02   4.319672e+03
6.340000e-02   4.333329e+03
6.350000e-02   4.347004e+03
6.360000e-02   4.360701e+03
6.370000e-02   4.374419e+03
6.380000e-02   4.388161e+03
6.390000e-02   4.401925e+03
6.400000e-02   4.415709e+03
6.410000e-02   4.429515e+03
6.420000e-02   4.443343e+03
6.430000e-02   4.457193e+03
6.440000e-02   4.471063e+03
6.450000e-02   4.484957e+03
6.460000e-02   4.498873e+03
6.470000e-02   4.512806e+03
6.480000e-02   4.526763e+03
6.490000e-02   4.540742e+03
6.500000e-02   4.554749e+03
6.510000e-02   4.568770e+03
6.520000e-02   4.582812e+03
6.530000e-02   4.596877e+03
6.540000e-02   4.610963e+03
6.550000e-02   4.625069e+03
6.560000e-02   4.639198e+03
6.570000e-02   4.653349e+03
6.580000e-02   4.667521e+03
6.590000e-02   4.681731e+03
6.600000e-02   4.695947e+03
6.610000e-02   4.710189e+03
6.620000e-02   4.724484e+03
6.630000e-02   4.738765e+03
6.640000e-02   4.753067e+03
6.650000e-02   4.767392e+03
6.660000e-02   4.781738e+03
6.670000e-02   4.796104e+03
6.680000e-02   4.810491e+03
6.690000e-02   4.824900e+03
6.700000e-02   4.839328e+03
6.710000e-02   4.853786e+03
6.720000e-02   4.868259e+03
6.730000e-02   4.882755e+03
6.740000e-02   4.897272e+03
6.750000e-02   4.911809e+03
6.760000e-02   4.926371e+03
6.770000e-02   4.940953e+03
6.780000e-02   4.955558e+03
6.790000e-02   4.970193e+03
6.800000e-02   4.984839e+03
6.810000e-02   4.999506e+03
6.820000e-02   5.014194e+03
6.830000e-02   5.028905e+03
6.840000e-02   5.043638e+03
6.850000e-02   5.058392e+03
6.860000e-02   5.073166e+03
6.870000e-02   5.087961e+03
6.880000e-02   5.102781e+03
6.890000e-02   5.117620e+03
6.900000e-02   5.132482e+03
6.910000e-02   5.147364e+03
6.920000e-02   5.162284e+03
6.930000e-02   5.177211e+03
6.940000e-02   5.192158e+03
6.950000e-02   5.207130e+03
6.960000e-02   5.222121e+03
6.970000e-02   5.237134e+03
6.980000e-02   5.252168e+03
6.990000e-02   5.267231e+03
7.000000e-02   5.282336e+03
7.010000e-02   5.297436e+03
7.020000e-02   5.312557e+03
7.030000e-02   5.327709e+03
7.040000e-02   5.342871e+03
7.050000e-02   5.358055e+03
7.060000e-02   5.373260e+03
7.070000e-02   5.388488e+03
7.080000e-02   5.403736e+03
7.090000e-02   5.419008e+03
7.100000e-02   5.434302e+03
7.110000e-02   5.449618e+03
7.120000e-02   5.464960e+03
7.130000e-02   5.480316e+03
7.140000e-02   5.495694e+03
7.150000e-02   5.511095e+03
7.160000e-02   5.526517e+03
7.170000e-02   5.541960e+03
7.180000e-02   5.557426e+03
7.190000e-02   5.572932e+03
7.200000e-02   5.588439e+03
7.210000e-02   5.603968e+03
7.220000e-02   5.619520e+03
7.230000e-02   5.635093e+03
7.240000e-02   5.650687e+03
7.250000e-02   5.666302e+03
7.260000e-02   5.681941e+03
7.270000e-02   5.697600e+03
7.280000e-02   5.713282e+03
7.290000e-02   5.728987e+03
7.300000e-02   5.744713e+03
7.310000e-02   5.760459e+03
7.320000e-02   5.776237e+03
7.330000e-02   5.792025e+03
7.340000e-02   5.807837e+03
7.350000e-02   5.823666e+03
7.360000e-02   5.839520e+03
7.370000e-02   5.855392e+03
7.380000e-02   5.871291e+03
7.390000e-02   5.887209e+03
7.400000e-02   5.903163e+03
7.410000e-02   5.919123e+03
7.420000e-02   5.935105e+03
7.430000e-02   5.951109e+03
7.440000e-02   5.967132e+03
7.450000e-02   5.983187e+03
7.460000e-02   5.999267e+03
7.470000e-02   6.015355e+03
7.480000e-02   6.031468e+03
7.490000e-02   6.047602e+03
7.500000e-02   6.063757e+03
7.510000e-02   6.079938e+03
7.520000e-02   6.096150e+03
7.530000e-02   6.112432e+03
7.540000e-02   6.128673e+03
7.550000e-02   6.144941e+03
7.560000e-02   6.161224e+03
7.570000e-02   6.177530e+03
7.580000e-02   6.193856e+03
7.590000e-02   6.210205e+03
7.600000e-02   6.226577e+03
7.610000e-02   6.242969e+03
7.620000e-02   6.259383e+03
7.630000e-02   6.275819e+03
7.640000e-02   6.292278e+03
7.650000e-02   6.308756e+03
7.660000e-02   6.325254e+03
7.670000e-02   6.341776e+03
7.680000e-02   6.358319e+03
7.690000e-02   6.374885e+03
7.700000e-02   6.391475e+03
7.710000e-02   6.408081e+03
7.720000e-02   6.424713e+03
7.730000e-02   6.441364e+03
7.740000e-02   6.458035e+03
7.750000e-02   6.474728e+03
7.760000e-02   6.491443e+03
7.770000e-02   6.508179e+03
7.780000e-02   6.524938e+03
7.790000e-02   6.541717e+03
7.800000e-02   6.558522e+03
7.810000e-02   6.575345e+03
7.820000e-02   6.592189e+03
7.830000e-02   6.609053e+03
7.840000e-02   6.625940e+03
7.850000e-02   6.642849e+03
7.860000e-02   6.659783e+03
7.870000e-02   6.676736e+03
7.880000e-02   6.693710e+03
7.890000e-02   6.710706e+03
7.900000e-02   6.727729e+03
7.910000e-02   6.744767e+03
7.920000e-02   6.761826e+03
7.930000e-02   6.778906e+03
7.940000e-02   6.796011e+03
7.950000e-02   6.813135e+03
7.960000e-02   6.830281e+03
7.970000e-02   6.847450e+03
7.980000e-02   6.864638e+03
7.990000e-02   6.881862e+03
8.000000e-02   6.899094e+03
8.010000e-02   6.916347e+03
8.020000e-02   6.933622e+03
8.030000e-02   6.950918e+03
8.040000e-02   6.968235e+03
8.050000e-02   6.985576e+03
8.060000e-02   7.002942e+03
8.070000e-02   7.020327e+03
8.080000e-02   7.037732e+03
8.090000e-02   7.055158e+03
8.100000e-02   7.072606e+03
8.110000e-02   7.090075e+03
8.120000e-02   7.107565e+03
8.130000e-02   7.125076e+03
8.140000e-02   7.142611e+03
8.150000e-02   7.160169e+03
8.160000e-02   7.177745e+03
8.170000e-02   7.195343e+03
8.180000e-02   7.212962e+03
8.190000e-02   7.230604e+03
8.200000e-02   7.248267e+03
8.210000e-02   7.265950e+03
8.220000e-02   7.283656e+03
8.230000e-02   7.301385e+03
8.240000e-02   7.319135e+03
8.250000e-02   7.336905e+03
8.260000e-02   7.354695e+03
8.270000e-02   7.372510e+03
8.280000e-02   7.390345e+03
8.290000e-02   7.408205e+03
8.300000e-02   7.426093e+03
8.310000e-02   7.443994e+03
8.320000e-02   7.461917e+03
8.330000e-02   7.479861e+03
8.340000e-02   7.497826e+03
8.350000e-02   7.515812e+03
8.360000e-02   7.533837e+03
8.370000e-02   7.551867e+03
8.380000e-02   7.569918e+03
8.390000e-02   7.587993e+03
8.400000e-02   7.606087e+03
8.410000e-02   7.624204e+03
8.420000e-02   7.642342e+03
8.430000e-02   7.660500e+03
8.440000e-02   7.678678e+03
8.450000e-02   7.696880e+03
8.460000e-02   7.715104e+03
8.470000e-02   7.733349e+03
8.480000e-02   7.751614e+03
8.490000e-02   7.769903e+03
8.500000e-02   7.788211e+03
8.510000e-02   7.806544e+03
8.520000e-02   7.824904e+03
8.530000e-02   7.843275e+03
8.540000e-02   7.861685e+03
8.550000e-02   7.880104e+03
8.560000e-02   7.898543e+03
8.570000e-02   7.917003e+03
8.580000e-02   7.935484e+03
8.590000e-02   7.953989e+03
8.600000e-02   7.972514e+03
8.610000e-02   7.991061e+03
8.620000e-02   8.009629e+03
8.630000e-02   8.028232e+03
8.640000e-02   8.046840e+03
8.650000e-02   8.065505e+03
8.660000e-02   8.084161e+03
8.670000e-02   8.102838e+03
8.680000e-02   8.121537e+03
8.690000e-02   8.140264e+03
8.700000e-02   8.159003e+03
8.710000e-02   8.177764e+03
8.720000e-02   8.196551e+03
8.730000e-02   8.215356e+03
8.740000e-02   8.234185e+03
8.750000e-02   8.253034e+03
8.760000e-02   8.271903e+03
8.770000e-02   8.290794e+03
8.780000e-02   8.309709e+03
8.790000e-02   8.328644e+03
8.800000e-02   8.347600e+03
8.810000e-02   8.366583e+03
8.820000e-02   8.385582e+03
8.830000e-02   8.404604e+03
8.840000e-02   8.423645e+03
8.850000e-02   8.442710e+03
8.860000e-02   8.461797e+03
8.870000e-02   8.480904e+03
8.880000e-02   8.500031e+03
8.890000e-02   8.519180e+03
8.900000e-02   8.538352e+03
8.910000e-02   8.557544e+03
8.920000e-02   8.576760e+03
8.930000e-02   8.595998e+03
8.940000e-02   8.615257e+03
8.950000e-02   8.634536e+03
8.960000e-02   8.653835e+03
8.970000e-02   8.673160e+03
8.980000e-02   8.692504e+03
8.990000e-02   8.711870e+03
9.000000e-02   8.731257e+03
9.010000e-02   8.750667e+03
9.020000e-02   8.770097e+03
9.030000e-02   8.789547e+03
9.040000e-02   8.809017e+03
9.050000e-02   8.828513e+03
9.060000e-02   8.848028e+03
9.070000e-02   8.867568e+03
9.080000e-02   8.887127e+03
9.090000e-02   8.906706e+03
9.100000e-02   8.926306e+03
9.110000e-02   8.945929e+03
9.120000e-02   8.965575e+03
9.130000e-02   8.985243e+03
9.140000e-02   9.004931e+03
9.150000e-02   9.024639e+03
9.160000e-02   9.044370e+03
9.170000e-02   9.064126e+03
9.180000e-02   9.083898e+03
9.190000e-02   9.103693e+03
9.200000e-02   9.123511e+03
9.210000e-02   9.143354e+03
9.220000e-02   9.163223e+03
9.230000e-02   9.183112e+03
9.240000e-02   9.203043e+03
9.250000e-02   9.222969e+03
9.260000e-02   9.242917e+03
9.270000e-02   9.262885e+03
9.280000e-02   9.282876e+03
9.290000e-02   9.302887e+03
9.300000e-02   9.322920e+03
9.310000e-02   9.342974e+03
9.320000e-02   9.363051e+03
9.330000e-02   9.383149e+03
9.340000e-02   9.403267e+03
9.350000e-02   9.423409e+03
9.360000e-02   9.443572e+03
9.370000e-02   9.463754e+03
9.380000e-02   9.483957e+03
9.390000e-02   9.504185e+03
9.400000e-02   9.524434e+03
9.410000e-02   9.544706e+03
9.420000e-02   9.564997e+03
9.430000e-02   9.585308e+03
9.440000e-02   9.605641e+03
9.450000e-02   9.625997e+03
9.460000e-02   9.646373e+03
9.470000e-02   9.666772e+03
9.480000e-02   9.687196e+03
9.490000e-02   9.707635e+03
9.500000e-02   9.728097e+03
9.510000e-02   9.748595e+03
9.520000e-02   9.769099e+03
9.530000e-02   9.789637e+03
9.540000e-02   9.810186e+03
9.550000e-02   9.830757e+03
9.560000e-02   9.851354e+03
9.570000e-02   9.871967e+03
9.580000e-02   9.892601e+03
9.590000e-02   9.913263e+03
9.600000e-02   9.933937e+03
9.610000e-02   9.954641e+03
9.620000e-02   9.975357e+03
9.630000e-02   9.996109e+03
9.640000e-02   1.001687e+04
9.650000e-02   1.003766e+04
9.660000e-02   1.005846e+04
9.670000e-02   1.007929e+04
9.680000e-02   1.010014e+04
9.690000e-02   1.012101e+04
9.700000e-02   1.014190e+04
9.710000e-02   1.016282e+04
9.720000e-02   1.018376e+04
9.730000e-02   1.020472e+04
9.740000e-02   1.022571e+04
9.750000e-02   1.024672e+04
9.760000e-02   1.026774e+04
9.770000e-02   1.028878e+04
9.780000e-02   1.030985e+04
9.790000e-02   1.033094e+04
9.800000e-02   1.035204e+04
9.810000e-02   1.037318e+04
9.820000e-02   1.039433e+04
9.830000e-02   1.041551e+04
9.840000e-02   1.043671e+04
9.850000e-02   1.045794e+04
9.860000e-02   1.047917e+04
9.870000e-02   1.050044e+04
9.880000e-02   1.052171e+04
9.890000e-02   1.054302e+04
9.900000e-02   1.056435e+04
9.910000e-02   1.058570e+04
9.920000e-02   1.060707e+04
9.930000e-02   1.062845e+04
9.940000e-02   1.064987e+04
9.950000e-02   1.067130e+04
9.960000e-02   1.069276e+04
9.970000e-02   1.071424e+04
9.980000e-02   1.073574e+04
9.990000e-02   1.075727e+04
1.000000e-01   1.077883e+04
