-9.900000e-02   2.344483e+03
-9.800000e-02   2.297358e+03
-9.700000e-02   2.250713e+03
-9.600000e-02   2.204546e+03
-9.500000e-02   2.158857e+03
-9.400000e-02   2.113646e+03
-9.300000e-02   2.068914e+03
-9.200000e-02   2.024661e+03
-9.100000e-02   1.980886e+03
-9.000000e-02   1.937589e+03
-8.900000e-02   1.894771e+03
-8.800000e-02   1.852431e+03
-8.700000e-02   1.810569e+03
-8.600000e-02   1.769186e+03
-8.500000e-02   1.728281e+03
-8.400000e-02   1.687855e+03
-8.300000e-02   1.647907e+03
-8.200000e-02   1.608438e+03
-8.100000e-02   1.569447e+03
-8.000000e-02   1.530934e+03
-7.900000e-02   1.492900e+03
-7.800000e-02   1.455345e+03
-7.700000e-02   1.418267e+03
-7.600000e-02   1.381668e+03
-7.500000e-02   1.345548e+03
-7.400000e-02   1.309906e+03
-7.300000e-02   1.274742e+03
-7.200000e-02   1.240057e+03
-7.100000e-02   1.205850e+03
-7.000000e-02   1.172122e+03
-6.900000e-02   1.138872e+03
-6.800000e-02   1.106100e+03
-6.700000e-02   1.073807e+03
-6.600000e-02   1.041992e+03
-6.500000e-02   1.010656e+03
-6.400000e-02   9.797980e+02
-6.300000e-02   9.494185e+02
-6.200000e-02   9.195175e+02
-6.100000e-02   8.900948e+02
-6.000000e-02   8.611506e+02
-5.900000e-02   8.326848e+02
-5.800000e-02   8.046974e+02
-5.700000e-02   7.771884e+02
-5.600000e-02   7.501579e+02
-5.500000e-02   7.236057e+02
-5.400000e-02   6.975320e+02
-5.300000e-02   6.719367e+02
-5.200000e-02   6.468198e+02
-5.100000e-02   6.221813e+02
-5.000000e-02   5.980212e+02
-4.900000e-02   5.743396e+02
-4.800000e-02   5.511364e+02
-4.700000e-02   5.284116e+02
-4.600000e-02   5.061652e+02
-4.500000e-02   4.843972e+02
-4.400000e-02   4.631077e+02
-4.300000e-02   4.422965e+02
-4.200000e-02   4.219638e+02
-4.100000e-02   4.021095e+02
-4.000000e-02   3.827336e+02
-3.900000e-02   3.638361e+02
-3.800000e-02   3.454171e+02
-3.700000e-02   3.274764e+02
-3.600000e-02   3.100142e+02
-3.500000e-02   2.930304e+02
-3.400000e-02   2.765250e+02
-3.300000e-02   2.604981e+02
-3.200000e-02   2.449495e+02
-3.100000e-02   2.298794e+02
-3.000000e-02   2.152877e+02
-2.900000e-02   2.011743e+02
-2.800000e-02   1.875395e+02
-2.700000e-02   1.743830e+02
-2.600000e-02   1.617049e+02
-2.500000e-02   1.495053e+02
-2.400000e-02   1.377841e+02
-2.300000e-02   1.265413e+02
-2.200000e-02   1.157769e+02
-2.100000e-02   1.054909e+02
-2.000000e-02   9.910187e+01
-1.900000e-02   8.943944e+01
-1.800000e-02   8.027252e+01
-1.700000e-02   7.160110e+01
-1.600000e-02   6.342520e+01
-1.500000e-02   5.574480e+01
-1.400000e-02   4.855992e+01
-1.300000e-02   4.187054e+01
-1.200000e-02   3.567667e+01
-1.100000e-02   2.997832e+01
-1.000000e-02   2.477547e+01
-9.000000e-03   2.006813e+01
-8.000000e-03   1.585630e+01
-7.000000e-03   1.213998e+01
-6.000000e-03   8.919169e+00
-5.000000e-03   6.193867e+00
-4.000000e-03   3.964075e+00
-3.000000e-03   2.229792e+00
-2.000000e-03   9.910187e-01
-1.000000e-03   2.477547e-01
7.632783e-17   1.205716e-27
1.000000e-03   2.103223e-01
2.000000e-03   8.412890e-01
3.000000e-03   1.892900e+00
4.000000e-03   3.365156e+00
5.000000e-03   5.258056e+00
6.000000e-03   7.571601e+00
7.000000e-03   1.030579e+01
8.000000e-03   1.346062e+01
9.000000e-03   1.703610e+01
1.000000e-02   2.103223e+01
1.100000e-02   2.544899e+01
1.200000e-02   3.028640e+01
1.300000e-02   3.554446e+01
1.400000e-02   4.122316e+01
1.500000e-02   4.732251e+01
1.600000e-02   5.384250e+01
1.700000e-02   6.078313e+01
1.800000e-02   6.814441e+01
1.900000e-02   7.592633e+01
2.000000e-02   8.412890e+01
2.100000e-02   9.275211e+01
2.200000e-02   1.017960e+02
2.300000e-02   1.112605e+02
2.400000e-02   1.211456e+02
2.500000e-02   1.314514e+02
2.600000e-02   1.421778e+02
2.700000e-02   1.533249e+02
2.800000e-02   1.648926e+02
2.900000e-02   1.768810e+02
3.000000e-02   1.892900e+02
3.100000e-02   2.021197e+02
3.200000e-02   2.153700e+02
3.300000e-02   2.290409e+02
3.400000e-02   2.431325e+02
3.500000e-02   2.576448e+02
3.600000e-02   2.725776e+02
3.700000e-02   2.879312e+02
3.800000e-02   3.037053e+02
3.900000e-02   3.199001e+02
4.000000e-02   3.365156e+02
4.100000e-02   3.535517e+02
4.200000e-02   3.710085e+02
4.300000e-02   3.888858e+02
4.400000e-02   4.071839e+02
4.500000e-02   4.259026e+02
4.600000e-02   4.450419e+02
4.700000e-02   4.646019e+02
4.800000e-02   4.845825e+02
4.900000e-02   5.049837e+02
5.000000e-02   5.258056e+02
5.100000e-02   5.470482e+02
5.200000e-02   5.687114e+02
5.300000e-02   5.907952e+02
5.400000e-02   6.132997e+02
5.500000e-02   6.362248e+02
5.600000e-02   6.595706e+02
5.700000e-02   6.833370e+02
5.800000e-02   7.075241e+02
5.900000e-02   7.321318e+02
6.000000e-02   7.571601e+02
6.100000e-02   7.826091e+02
6.200000e-02   8.084787e+02
6.300000e-02   8.347690e+02
6.400000e-02   8.614799e+02
6.500000e-02   8.886115e+02
6.600000e-02   9.161637e+02
6.700000e-02   9.441366e+02
6.800000e-02   9.725301e+02
6.900000e-02   1.001344e+03
7.000000e-02   1.030579e+03
7.100000e-02   1.060234e+03
7.200000e-02   1.090311e+03
7.300000e-02   1.120807e+03
7.400000e-02   1.151725e+03
7.500000e-02   1.183063e+03
7.600000e-02   1.214821e+03
7.700000e-02   1.247001e+03
7.800000e-02   1.279601e+03
7.900000e-02   1.312621e+03
8.000000e-02   1.346062e+03
8.100000e-02   1.379924e+03
8.200000e-02   1.414207e+03
8.300000e-02   1.448910e+03
8.400000e-02   1.484034e+03
8.500000e-02   1.519578e+03
8.600000e-02   1.555543e+03
8.700000e-02   1.591929e+03
8.800000e-02   1.628736e+03
8.900000e-02   1.665963e+03
9.000000e-02   1.703610e+03
9.100000e-02   1.741679e+03
9.200000e-02   1.780168e+03
9.300000e-02   1.819077e+03
9.400000e-02   1.858407e+03
9.500000e-02   1.898158e+03
9.600000e-02   1.938330e+03
9.700000e-02   1.978922e+03
9.800000e-02   2.019935e+03
9.900000e-02   2.061368e+03
1.000000e-01   2.103223e+03
