-9.900000e-02   3.042807e+02
-9.800000e-02   2.981647e+02
-9.700000e-02   2.921107e+02
-9.600000e-02   2.861189e+02
-9.500000e-02   2.801891e+02
-9.400000e-02   2.743214e+02
-9.300000e-02   2.685158e+02
-9.200000e-02   2.627724e+02
-9.100000e-02   2.570910e+02
-9.000000e-02   2.514717e+02
-8.900000e-02   2.459144e+02
-8.800000e-02   2.404193e+02
-8.700000e-02   2.349863e+02
-8.600000e-02   2.296153e+02
-8.500000e-02   2.243065e+02
-8.400000e-02   2.190598e+02
-8.300000e-02   2.138751e+02
-8.200000e-02   2.087525e+02
-8.100000e-02   2.036920e+02
-8.000000e-02   1.986937e+02
-7.900000e-02   1.937574e+02
-7.800000e-02   1.888832e+02
-7.700000e-02   1.840710e+02
-7.600000e-02   1.793210e+02
-7.500000e-02   1.746331e+02
-7.400000e-02   1.700073e+02
-7.300000e-02   1.654435e+02
-7.200000e-02   1.609419e+02
-7.100000e-02   1.565023e+02
-7.000000e-02   1.521248e+02
-6.900000e-02   1.478094e+02
-6.800000e-02   1.435562e+02
-6.700000e-02   1.393650e+02
-6.600000e-02   1.352359e+02
-6.500000e-02   1.311689e+02
-6.400000e-02   1.271639e+02
-6.300000e-02   1.232211e+02
-6.200000e-02   1.193404e+02
-6.100000e-02   1.155217e+02
-6.000000e-02   1.117652e+02
-5.900000e-02   1.080707e+02
-5.800000e-02   1.044384e+02
-5.700000e-02   1.008681e+02
-5.600000e-02   9.735989e+01
-5.500000e-02   9.391380e+01
-5.400000e-02   9.052979e+01
-5.300000e-02   8.720789e+01
-5.200000e-02   8.394807e+01
-5.100000e-02   8.075034e+01
-5.000000e-02   7.761471e+01
-4.900000e-02   7.454116e+01
-4.800000e-02   7.152971e+01
-4.700000e-02   6.858036e+01
-4.600000e-02   6.569309e+01
-4.500000e-02   6.286791e+01
-4.400000e-02   6.010483e+01
-4.300000e-02   5.740384e+01
-4.200000e-02   5.476494e+01
-4.100000e-02   5.218813e+01
-4.000000e-02   4.967341e+01
-3.900000e-02   4.722079e+01
-3.800000e-02   4.483025e+01
-3.700000e-02   4.250181e+01
-3.600000e-02   4.023546e+01
-3.500000e-02   3.803121e+01
-3.400000e-02   3.588904e+01
-3.300000e-02   3.380897e+01
-3.200000e-02   3.179098e+01
-3.100000e-02   2.983509e+01
-3.000000e-02   2.794129e+01
-2.900000e-02   2.610959e+01
-2.800000e-02   2.433997e+01
-2.700000e-02   2.263245e+01
-2.600000e-02   2.098702e+01
-2.500000e-02   1.940368e+01
-2.400000e-02   1.834679e+02
-2.300000e-02   2.292043e+02
-2.200000e-02   2.097067e+02
-2.100000e-02   1.910758e+02
-2.000000e-02   1.733113e+02
-1.900000e-02   1.564135e+02
-1.800000e-02   1.403822e+02
-1.700000e-02   1.252174e+02
-1.600000e-02   1.109193e+02
-1.500000e-02   9.748763e+01
-1.400000e-02   8.492256e+01
-1.300000e-02   7.322404e+01
-1.200000e-02   6.239208e+01
-1.100000e-02   5.242668e+01
-1.000000e-02   4.332784e+01
-9.000000e-03   3.509555e+01
-8.000000e-03   2.772981e+01
-7.000000e-03   2.123064e+01
-6.000000e-03   1.559802e+01
-5.000000e-03   1.083196e+01
-4.000000e-03   6.932454e+00
-3.000000e-03   3.899505e+00
-2.000000e-03   1.733113e+00
-1.000000e-03   4.332784e-01
7.632783e-17   1.031144e-28
1.000000e-03   3.104588e-02
2.000000e-03   1.241835e-01
3.000000e-03   2.794129e-01
4.000000e-03   4.967341e-01
5.000000e-03   7.761471e-01
6.000000e-03   1.117652e+00
7.000000e-03   1.521248e+00
8.000000e-03   1.986937e+00
9.000000e-03   2.514717e+00
1.000000e-02   3.104588e+00
1.100000e-02   3.756552e+00
1.200000e-02   4.470607e+00
1.300000e-02   5.246754e+00
1.400000e-02   6.084993e+00
1.500000e-02   6.985324e+00
1.600000e-02   7.947746e+00
1.700000e-02   8.972260e+00
1.800000e-02   1.005887e+01
1.900000e-02   1.120756e+01
2.000000e-02   1.241835e+01
2.100000e-02   1.369123e+01
2.200000e-02   1.502621e+01
2.300000e-02   1.642327e+01
2.400000e-02   1.788243e+01
2.500000e-02   1.940368e+01
2.600000e-02   2.098702e+01
2.700000e-02   2.263245e+01
2.800000e-02   2.433997e+01
2.900000e-02   2.610959e+01
3.000000e-02   2.794129e+01
3.100000e-02   2.983509e+01
3.200000e-02   3.179098e+01
3.300000e-02   3.380897e+01
3.400000e-02   3.588904e+01
3.500000e-02   3.803121e+01
3.600000e-02   4.023546e+01
3.700000e-02   4.250181e+01
3.800000e-02   4.483025e+01
3.900000e-02   4.722079e+01
4.000000e-02   4.967341e+01
4.100000e-02   5.218813e+01
4.200000e-02   5.476494e+01
4.300000e-02   5.740384e+01
4.400000e-02   6.010483e+01
4.500000e-02   6.286791e+01
4.600000e-02   6.569309e+01
4.700000e-02   6.858036e+01
4.800000e-02   7.152971e+01
4.900000e-02   7.454116e+01
5.000000e-02   7.761471e+01
5.100000e-02   8.075034e+01
5.200000e-02   8.394807e+01
5.300000e-02   8.720789e+01
5.400000e-02   9.052979e+01
5.500000e-02   9.391380e+01
5.600000e-02   9.735989e+01
5.700000e-02   1.008681e+02
5.800000e-02   1.044384e+02
5.900000e-02   1.080707e+02
6.000000e-02   1.117652e+02
6.100000e-02   1.155217e+02
6.200000e-02   1.193404e+02
6.300000e-02   1.232211e+02
6.400000e-02   1.271639e+02
6.500000e-02   1.311689e+02
6.600000e-02   1.352359e+02
6.700000e-02   1.393650e+02
6.800000e-02   1.435562e+02
6.900000e-02   1.478094e+02
7.000000e-02   1.521248e+02
7.100000e-02   1.565023e+02
7.200000e-02   1.609419e+02
7.300000e-02   1.654435e+02
7.400000e-02   1.700073e+02
7.500000e-02   1.746331e+02
7.600000e-02   1.793210e+02
7.700000e-02   1.840710e+02
7.800000e-02   1.888832e+02
7.900000e-02   1.937574e+02
8.000000e-02   1.986937e+02
8.100000e-02   2.036920e+02
8.200000e-02   2.087525e+02
8.300000e-02   2.138751e+02
8.400000e-02   2.190597e+02
8.500000e-02   2.243065e+02
8.600000e-02   2.296153e+02
8.700000e-02   2.349863e+02
8.800000e-02   2.404193e+02
8.900000e-02   2.459144e+02
9.000000e-02   2.514717e+02
9.100000e-02   2.570910e+02
9.200000e-02   2.627724e+02
9.300000e-02   2.685158e+02
9.400000e-02   2.743214e+02
9.500000e-02   2.801891e+02
9.600000e-02   2.861189e+02
9.700000e-02   2.921107e+02
9.800000e-02   2.981647e+02
9.900000e-02   3.042807e+02
1.000000e-01   3.104588e+02
