4.696346880552184899e+01 4.663841776273630302e+01
7.293102062503508343e+00 7.367516564528550305e+00
6.256711896644115534e+00 6.253226917780812855e+00
2.210773265968230206e+00 2.242268499311587338e+00
9.116760239287692302e-01 9.203466855058058949e-01
4.120200929619203811e-01 4.090608838488947185e-01
2.018684884523302692e-01 1.988822651543102338e-01
1.051681357216709689e-01 1.049164651640468876e-01
6.527079975316353588e-02 6.563602518633181171e-02
3.152718533534486917e-02 3.108287299032102061e-02
1.603330493132366572e-02 1.613989479158531651e-02
8.367562870661468533e-03 8.328116660264504520e-03
4.581152955878561861e-03 4.572348066174525445e-03
2.427225190812520601e-03 2.536903190534919514e-03
3.309749070386506370e-03 3.397998918850408685e-03
