4.694626717114643810e+01 4.663841776273630302e+01
7.288674473464077153e+00 7.367516564528550305e+00
6.251261026154604217e+00 6.253226917780812855e+00
2.207825321516940331e+00 2.242268499311587338e+00
9.099836542010975027e-01 9.203466855058058949e-01
4.109917510551732156e-01 4.090608838488947185e-01
2.012162757139767388e-01 1.988822651543102338e-01
1.047315069520741021e-01 1.049164651640468876e-01
6.493490458138807819e-02 6.563602518633181171e-02
3.132746627242286031e-02 3.108287299032102061e-02
1.590401994967895541e-02 1.613989479158531651e-02
8.287003870404480513e-03 8.328116660264504520e-03
4.527583485580842851e-03 4.572348066174525445e-03
2.394232997751921926e-03 2.536903190534919514e-03
3.242444107879882253e-03 3.397998918850408685e-03
