4.687581244456610108e+01 4.663841776273630302e+01
7.140733809847901625e+00 7.367516564528550305e+00
6.282246867986953198e+00 6.253226917780812855e+00
2.234420846259067339e+00 2.242268499311587338e+00
9.100558078839237064e-01 9.203466855058058949e-01
4.088262934440647922e-01 4.090608838488947185e-01
1.988561509515428816e-01 1.988822651543102338e-01
1.025183814131050558e-01 1.049164651640468876e-01
6.409868639002659629e-02 6.563602518633181171e-02
3.145139546185010682e-02 3.108287299032102061e-02
1.571501763786267714e-02 1.613989479158531651e-02
8.388676249970992982e-03 8.328116660264504520e-03
4.444311413280722413e-03 4.572348066174525445e-03
2.464175049969133304e-03 2.536903190534919514e-03
3.276800674169606711e-03 3.397998918850408685e-03
