4.721485674223004025e+01 4.663841776273630302e+01
7.322343243082955588e+00 7.367516564528550305e+00
6.234070251870826418e+00 6.253226917780812855e+00
2.245820427039020295e+00 2.242268499311587338e+00
9.106121179882131766e-01 9.203466855058058949e-01
4.083595202314265760e-01 4.090608838488947185e-01
1.982247830281883838e-01 1.988822651543102338e-01
1.038296035873542134e-01 1.049164651640468876e-01
6.416381552972338920e-02 6.563602518633181171e-02
3.116396796906097111e-02 3.108287299032102061e-02
1.596418318040380979e-02 1.613989479158531651e-02
8.020316935795360896e-03 8.328116660264504520e-03
4.413420551725359339e-03 4.572348066174525445e-03
2.390318427494958486e-03 2.536903190534919514e-03
3.110004566804867344e-03 3.397998918850408685e-03
