4.724184298153652151e+01 4.663841776273630302e+01
7.329502464962713404e+00 7.367516564528550305e+00
6.242798650310730224e+00 6.253226917780812855e+00
2.250547622022101901e+00 2.242268499311587338e+00
9.132925182536624220e-01 9.203466855058058949e-01
4.099759063644149992e-01 4.090608838488947185e-01
1.992488166752401091e-01 1.988822651543102338e-01
1.045172314492959775e-01 1.049164651640468876e-01
6.469797548013835053e-02 6.563602518633181171e-02
3.150203924097195324e-02 3.108287299032102061e-02
1.617442898199634993e-02 1.613989479158531651e-02
8.148983010326162069e-03 8.328116660264504520e-03
4.500763461845521535e-03 4.572348066174525445e-03
2.447308438977982472e-03 2.536903190534919514e-03
3.213480198401863410e-03 3.397998918850408685e-03
