4.702397074504185781e+01 4.663841776273630302e+01
7.186876365661829524e+00 7.367516564528550305e+00
6.182687458305431427e+00 6.253226917780812855e+00
2.238376182916496315e+00 2.242268499311587338e+00
9.060172159532016156e-01 9.203466855058058949e-01
4.103575787394047047e-01 4.090608838488947185e-01
1.986394486742315557e-01 1.988822651543102338e-01
1.017193478300677800e-01 1.049164651640468876e-01
6.358525200316438031e-02 6.563602518633181171e-02
3.075409083620111311e-02 3.108287299032102061e-02
1.534564472914359823e-02 1.613989479158531651e-02
7.986586681681114713e-03 8.328116660264504520e-03
4.193732944016119978e-03 4.572348066174525445e-03
2.280040332757164376e-03 2.536903190534919514e-03
7.306828700301706836e-03 3.397998918850408685e-03
