4.690043664486644559e+01 4.663841776273630302e+01
7.276882134062502949e+00 7.367516564528550305e+00
6.236749176916317694e+00 6.253226917780812855e+00
2.199982280059667339e+00 2.242268499311587338e+00
9.054847454661802963e-01 9.203466855058058949e-01
4.082607114404352422e-01 4.090608838488947185e-01
1.994860984608461119e-01 1.988822651543102338e-01
1.035746829390268853e-01 1.049164651640468876e-01
6.404646322675192072e-02 6.563602518633181171e-02
3.080029128394734181e-02 3.108287299032102061e-02
1.556358957112405871e-02 1.613989479158531651e-02
8.075452275762486087e-03 8.328116660264504520e-03
4.387343148853469627e-03 4.572348066174525445e-03
2.308162179200456011e-03 2.536903190534919514e-03
3.069957137968353216e-03 3.397998918850408685e-03
