4.669509631021936258e+01 4.663841776273630302e+01
7.589723193862337070e+00 7.367516564528550305e+00
6.195683090563401940e+00 6.253226917780812855e+00
2.256738085885066525e+00 2.242268499311587338e+00
9.106866099923156543e-01 9.203466855058058949e-01
4.171456682567775132e-01 4.090608838488947185e-01
2.005846849474619831e-01 1.988822651543102338e-01
1.049058023889236496e-01 1.049164651640468876e-01
6.628409276355169688e-02 6.563602518633181171e-02
3.149083481919948829e-02 3.108287299032102061e-02
1.632889751642393333e-02 1.613989479158531651e-02
8.476974377113939002e-03 8.328116660264504520e-03
4.671817247723528306e-03 4.572348066174525445e-03
2.568229105071819299e-03 2.536903190534919514e-03
3.416236689188466291e-03 3.397998918850408685e-03
