4.652105685426423065e+01 4.663841776273630302e+01
7.288041785958045971e+00 7.367516564528550305e+00
6.275897163201821449e+00 6.253226917780812855e+00
2.233530022380719959e+00 2.242268499311587338e+00
9.039275817608211083e-01 9.203466855058058949e-01
4.150164750279394243e-01 4.090608838488947185e-01
1.978736877981643050e-01 1.988822651543102338e-01
1.010279489288224003e-01 1.049164651640468876e-01
6.276665307024327511e-02 6.563602518633181171e-02
3.068527118008389926e-02 3.108287299032102061e-02
1.542816985020404805e-02 1.613989479158531651e-02
8.096281212919184331e-03 8.328116660264504520e-03
4.286084787064481198e-03 4.572348066174525445e-03
2.421156956022294145e-03 2.536903190534919514e-03
3.022247268042285457e-03 3.397998918850408685e-03
