4.695534491572718849e+01 4.663841776273630302e+01
7.291010946617131339e+00 7.367516564528550305e+00
6.254137333252323572e+00 6.253226917780812855e+00
2.209380741559668238e+00 2.242268499311587338e+00
9.108765068666316855e-01 9.203466855058058949e-01
4.115342107847888564e-01 4.090608838488947185e-01
2.015602739178236069e-01 1.988822651543102338e-01
1.049617616586596275e-01 1.049164651640468876e-01
6.511199948791793202e-02 6.563602518633181171e-02
3.143273721205887272e-02 3.108287299032102061e-02
1.597214445308890729e-02 1.613989479158531651e-02
8.329438435323393425e-03 8.328116660264504520e-03
4.555790196443712525e-03 4.572348066174525445e-03
2.411597220500539835e-03 2.536903190534919514e-03
3.277787069945951696e-03 3.397998918850408685e-03
