4.691331981073282265e+01 4.663841776273630302e+01
7.280196390003306206e+00 7.367516564528550305e+00
6.240826902519629016e+00 6.253226917780812855e+00
2.202185346175671743e+00 2.242268499311587338e+00
9.067479230591297679e-01 9.203466855058058949e-01
4.090271248796197301e-01 4.090608838488947185e-01
1.999713511425482704e-01 1.988822651543102338e-01
1.038989150979418713e-01 1.049164651640468876e-01
6.429525222556509156e-02 6.563602518633181171e-02
3.094775490833664641e-02 3.108287299032102061e-02
1.565869308649898983e-02 1.613989479158531651e-02
8.134466232835591004e-03 8.328116660264504520e-03
4.426399188957539851e-03 4.572348066174525445e-03
2.332087385493513462e-03 2.536903190534919514e-03
3.117445087592001299e-03 3.397998918850408685e-03
