4.697119067081198551e+01 4.663841776273630302e+01
7.393407302489294786e+00 7.367516564528550305e+00
6.146537752420689671e+00 6.253226917780812855e+00
2.229003007951951609e+00 2.242268499311587338e+00
9.185659532069275768e-01 9.203466855058058949e-01
4.095108867851561807e-01 4.090608838488947185e-01
1.999284166854365385e-01 1.988822651543102338e-01
1.064265533785237333e-01 1.049164651640468876e-01
6.608769050893606445e-02 6.563602518633181171e-02
3.177171743369847784e-02 3.108287299032102061e-02
1.627422347338246603e-02 1.613989479158531651e-02
8.441533665268664138e-03 8.328116660264504520e-03
4.560930009827007629e-03 4.572348066174525445e-03
2.530824239896444384e-03 2.536903190534919514e-03
3.415743375370051613e-03 3.397998918850408685e-03
