4.668551085318881633e+01 4.663841776273630302e+01
7.587158737998301206e+00 7.367516564528550305e+00
6.192684057534689757e+00 6.253226917780812855e+00
2.255098694075821086e+00 2.242268499311587338e+00
9.097446509801517811e-01 9.203466855058058949e-01
4.165648940469546258e-01 4.090608838488947185e-01
2.002240154134230232e-01 1.988822651543102338e-01
1.046695693372234198e-01 1.049164651640468876e-01
6.609509389446362182e-02 6.563602518633181171e-02
3.137638983171524981e-02 3.108287299032102061e-02
1.625686140591264123e-02 1.613989479158531651e-02
8.431208442877520179e-03 8.328116660264504520e-03
4.641353098476564548e-03 4.572348066174525445e-03
2.548343199949039319e-03 2.536903190534919514e-03
3.377825028989348780e-03 3.397998918850408685e-03
