4.682268093726786162e+01 4.663841776273630302e+01
7.445062550229166298e+00 7.367516564528550305e+00
6.171146568561557189e+00 6.253226917780812855e+00
2.223130641849128786e+00 2.242268499311587338e+00
9.063269638416824314e-01 9.203466855058058949e-01
4.175185782815424851e-01 4.090608838488947185e-01
1.980648851022416557e-01 1.988822651543102338e-01
1.044588017784940370e-01 1.049164651640468876e-01
6.609687597221051980e-02 6.563602518633181171e-02
3.122090505437151095e-02 3.108287299032102061e-02
1.619309657834059821e-02 1.613989479158531651e-02
8.404757179855538995e-03 8.328116660264504520e-03
4.533362272104945329e-03 4.572348066174525445e-03
2.491586211724542907e-03 2.536903190534919514e-03
3.256454141537141155e-03 3.397998918850408685e-03
