4.642514706661892632e+01 4.663841776273630302e+01
7.343005012936361098e+00 7.367516564528550305e+00
6.218552360507484167e+00 6.253226917780812855e+00
2.219661035595108078e+00 2.242268499311587338e+00
9.201316342333103471e-01 9.203466855058058949e-01
4.104314127472201701e-01 4.090608838488947185e-01
1.976667770008683767e-01 1.988822651543102338e-01
9.966050080727065219e-02 1.049164651640468876e-01
6.524555442198443078e-02 6.563602518633181171e-02
3.072513335323959552e-02 3.108287299032102061e-02
1.572196462774529818e-02 1.613989479158531651e-02
8.134681556616615156e-03 8.328116660264504520e-03
4.346458977880267305e-03 4.572348066174525445e-03
2.380944512455453362e-03 2.536903190534919514e-03
1.351391299168820323e-02 3.397998918850408685e-03
