4.685828194894844501e+01 4.663841776273630302e+01
7.454899346616566724e+00 7.367516564528550305e+00
6.182242643139805871e+00 6.253226917780812855e+00
2.229237255604238133e+00 2.242268499311587338e+00
9.099235119829435225e-01 9.203466855058058949e-01
4.197497898581777909e-01 4.090608838488947185e-01
1.994344562306497037e-01 1.988822651543102338e-01
1.053760580999008600e-01 1.049164651640468876e-01
6.682611032875233892e-02 6.563602518633181171e-02
3.165947789238496290e-02 3.108287299032102061e-02
1.647236882148100240e-02 1.613989479158531651e-02
8.587600911638182399e-03 8.328116660264504520e-03
4.651576156917127877e-03 4.572348066174525445e-03
2.570289742493485005e-03 2.536903190534919514e-03
3.406604766882738011e-03 3.397998918850408685e-03
