4.708754609675560943e+01 4.663841776273630302e+01
7.203518063647073255e+00 7.367516564528550305e+00
6.203344820344602439e+00 6.253226917780812855e+00
2.249667432477214568e+00 2.242268499311587338e+00
9.125753354854360122e-01 9.203466855058058949e-01
4.143450855413596257e-01 4.090608838488947185e-01
2.012700904113477740e-01 1.988822651543102338e-01
1.034703675781380311e-01 1.049164651640468876e-01
6.501999569896191322e-02 6.563602518633181171e-02
3.164335003731072460e-02 3.108287299032102061e-02
1.592475157060296159e-02 1.613989479158531651e-02
8.379998672332718626e-03 8.328116660264504520e-03
4.464151634902332501e-03 4.572348066174525445e-03
2.475205307796179022e-03 2.536903190534919514e-03
4.736377226483285199e-03 3.397998918850408685e-03
