4.648929754034284656e+01 4.663841776273630302e+01
7.396926774080212041e+00 7.367516564528550305e+00
6.332318791558896542e+00 6.253226917780812855e+00
2.253349607849179925e+00 2.242268499311587338e+00
9.003161339263179297e-01 9.203466855058058949e-01
4.106326843526233450e-01 4.090608838488947185e-01
2.002729660080409535e-01 1.988822651543102338e-01
1.045695527964639188e-01 1.049164651640468876e-01
6.468987870144299324e-02 6.563602518633181171e-02
3.041861087090415305e-02 3.108287299032102061e-02
1.559949398652283985e-02 1.613989479158531651e-02
8.123812495614174053e-03 8.328116660264504520e-03
4.437732669365313833e-03 4.572348066174525445e-03
2.380096905514988894e-03 2.536903190534919514e-03
3.703327594550153215e-03 3.397998918850408685e-03
