4.704900729211993138e+01 4.663841776273630302e+01
7.193428516022588148e+00 7.367516564528550305e+00
6.190818606967322779e+00 6.253226917780812855e+00
2.242818762920624653e+00 2.242268499311587338e+00
9.085960641380141922e-01 9.203466855058058949e-01
4.119245366854645818e-01 4.090608838488947185e-01
1.996723815498014087e-01 1.988822651543102338e-01
1.024062160239879032e-01 1.049164651640468876e-01
6.414738929953844870e-02 6.563602518633181171e-02
3.110188052630004016e-02 3.108287299032102061e-02
1.557154314358668266e-02 1.613989479158531651e-02
8.139741950692506306e-03 8.328116660264504520e-03
4.298286173923675062e-03 4.572348066174525445e-03
2.355441192990039533e-03 2.536903190534919514e-03
6.304105554268617934e-03 3.397998918850408685e-03
