4.684715419133971182e+01 4.663841776273630302e+01
7.451824232071649234e+00 7.367516564528550305e+00
6.178773354260266082e+00 6.253226917780812855e+00
2.227327458823925799e+00 2.242268499311587338e+00
9.087983574405191778e-01 9.203466855058058949e-01
4.190515055907033104e-01 4.090608838488947185e-01
1.990056405836748143e-01 1.988822651543102338e-01
1.050887168048119519e-01 1.049164651640468876e-01
6.659751769895005946e-02 6.563602518633181171e-02
3.152188190170552434e-02 3.108287299032102061e-02
1.638466591150359447e-02 1.613989479158531651e-02
8.530120457253004967e-03 8.328116660264504520e-03
4.614361528501350306e-03 4.572348066174525445e-03
2.545455960876884857e-03 2.536903190534919514e-03
3.358544014085600507e-03 3.397998918850408685e-03
