4.735791427046646618e+01 4.663841776273630302e+01
7.452319022710339524e+00 7.367516564528550305e+00
6.216146287999075426e+00 6.253226917780812855e+00
2.233119414142561876e+00 2.242268499311587338e+00
9.103261067060582912e-01 9.203466855058058949e-01
4.159161740817497455e-01 4.090608838488947185e-01
2.016119127970472658e-01 1.988822651543102338e-01
1.022456578521899195e-01 1.049164651640468876e-01
6.526907478534697826e-02 6.563602518633181171e-02
3.139814133583107569e-02 3.108287299032102061e-02
1.603947119632366178e-02 1.613989479158531651e-02
8.212511420382203470e-03 8.328116660264504520e-03
4.627028837686530428e-03 4.572348066174525445e-03
2.473113233571497087e-03 2.536903190534919514e-03
3.331878569934750359e-03 3.397998918850408685e-03
