4.693623638061537662e+01 4.663841776273630302e+01
7.286093026621419000e+00 7.367516564528550305e+00
6.248083525748982403e+00 6.253226917780812855e+00
2.206107343300225399e+00 2.242268499311587338e+00
9.089977284664880752e-01 9.203466855058058949e-01
4.103929214218246524e-01 4.090608838488947185e-01
2.008366606296928536e-01 1.988822651543102338e-01
1.044775081979457815e-01 1.049164651640468876e-01
6.473964637021883961e-02 6.563602518633181171e-02
3.121147025837711295e-02 3.108287299032102061e-02
1.582900995984583975e-02 1.613989479158531651e-02
8.240318495129642096e-03 8.328116660264504520e-03
4.496580121883573568e-03 4.572348066174525445e-03
2.375167056525973215e-03 2.536903190534919514e-03
3.203845539592036287e-03 3.397998918850408685e-03
