4.644620925429953218e+01 4.663841776273630302e+01
7.348677042985642949e+00 7.367516564528550305e+00
6.225533878534141863e+00 6.253226917780812855e+00
2.223467034744887716e+00 2.242268499311587338e+00
9.224385974585023185e-01 9.203466855058058949e-01
4.118797777343808919e-01 4.090608838488947185e-01
1.985807906377901333e-01 1.988822651543102338e-01
1.002821379583132694e-01 1.049164651640468876e-01
6.578362894372317971e-02 6.563602518633181171e-02
3.107413971120915469e-02 3.108287299032102061e-02
1.597098736758324755e-02 1.613989479158531651e-02
8.311303130397856495e-03 8.328116660264504520e-03
4.475764367998657720e-03 4.572348066174525445e-03
2.466855817990617518e-03 2.536903190534919514e-03
9.114740066138367000e-03 3.397998918850408685e-03
