4.692525352463403721e+01 4.663841776273630302e+01
7.283266838121665643e+00 7.367516564528550305e+00
6.244605225828482098e+00 6.253226917780812855e+00
2.204227204299854304e+00 2.242268499311587338e+00
9.079190441670538236e-01 9.203466855058058949e-01
4.097379597445583999e-01 4.090608838488947185e-01
2.004216159931077879e-01 1.988822651543102338e-01
1.041999203215477759e-01 1.049164651640468876e-01
6.452637356672027980e-02 6.563602518633181171e-02
3.108485902166806605e-02 3.108287299032102061e-02
1.574720199911783247e-02 1.613989479158531651e-02
8.189448287192094972e-03 8.328116660264504520e-03
4.462832685992079024e-03 4.572348066174525445e-03
2.354437759060988566e-03 2.536903190534919514e-03
3.162129066702865521e-03 3.397998918850408685e-03
