4.653577804834645804e+01 4.663841776273630302e+01
7.291929531684719024e+00 7.367516564528550305e+00
6.280614626993636485e+00 6.253226917780812855e+00
2.236079245037811525e+00 2.242268499311587338e+00
9.053955878969999205e-01 9.203466855058058949e-01
4.159047985168691230e-01 4.090608838488947185e-01
1.984325430669880153e-01 1.988822651543102338e-01
1.013899020612642893e-01 1.049164651640468876e-01
6.304621738235986761e-02 6.563602518633181171e-02
3.086015257045952517e-02 3.108287299032102061e-02
1.553665451971330234e-02 1.613989479158531651e-02
8.166126590702749849e-03 8.328116660264504520e-03
4.330820230363479142e-03 4.572348066174525445e-03
2.450915117194155980e-03 2.536903190534919514e-03
3.077493616856046867e-03 3.397998918850408685e-03
