4.719912226538421152e+01 4.663841776273630302e+01
7.318170064110031348e+00 7.367516564528550305e+00
6.228983698348128151e+00 6.253226917780812855e+00
2.243066883529976518e+00 2.242268499311587338e+00
9.090516952667464512e-01 9.203466855058058949e-01
4.074191542471244376e-01 4.090608838488947185e-01
1.976294938968740367e-01 1.988822651543102338e-01
1.034302385305918004e-01 1.049164651640468876e-01
6.385394294492842404e-02 6.563602518633181171e-02
3.096814854542520243e-02 3.108287299032102061e-02
1.584261698146187738e-02 1.613989479158531651e-02
7.946078876213525863e-03 8.328116660264504520e-03
4.363142675204350306e-03 4.572348066174525445e-03
2.357605514456947125e-03 2.536903190534919514e-03
3.051778926997904436e-03 3.397998918850408685e-03
