4.685605622730078323e+01 4.663841776273630302e+01
7.454284205315191869e+00 7.367516564528550305e+00
6.181548689939076802e+00 6.253226917780812855e+00
2.228855188693614764e+00 2.242268499311587338e+00
9.096983877436668475e-01 9.203466855058058949e-01
4.196100576370297430e-01 4.090608838488947185e-01
1.993486333375459330e-01 1.988822651543102338e-01
1.053185392101453760e-01 1.049164651640468876e-01
6.678034055807223479e-02 6.563602518633181171e-02
3.163191940549256453e-02 3.108287299032102061e-02
1.645479703132031110e-02 1.613989479158531651e-02
8.576079174416424353e-03 8.328116660264504520e-03
4.644113365158297757e-03 4.572348066174525445e-03
2.565305604538979569e-03 2.536903190534919514e-03
3.396884292841598815e-03 3.397998918850408685e-03
