4.711068126776434184e+01 4.663841776273630302e+01
7.209577064953203163e+00 7.367516564528550305e+00
6.210870482895619382e+00 6.253226917780812855e+00
2.253784572624904836e+00 2.242268499311587338e+00
9.149696355697872763e-01 9.203466855058058949e-01
4.158030718803042980e-01 4.090608838488947185e-01
2.022337690479862338e-01 1.988822651543102338e-01
1.041131514378145356e-01 1.049164651640468876e-01
6.554789695332162436e-02 6.563602518633181171e-02
3.197201743528401557e-02 3.108287299032102061e-02
1.614001272938049916e-02 1.613989479158531651e-02
8.526659686348326064e-03 8.328116660264504520e-03
4.566580552061608872e-03 4.572348066174525445e-03
2.548958573510021197e-03 2.536903190534919514e-03
3.773548118506467493e-03 3.397998918850408685e-03
