4.718189604596475561e+01 4.663841776273630302e+01
7.313602055712676631e+00 7.367516564528550305e+00
6.223417094279386497e+00 6.253226917780812855e+00
2.240054549442776821e+00 2.242268499311587338e+00
9.073453559444100147e-01 9.203466855058058949e-01
4.063913908418396170e-01 4.090608838488947185e-01
1.969792743404460700e-01 1.988822651543102338e-01
1.029943321531787831e-01 1.049164651640468876e-01
6.351602440693653040e-02 6.563602518633181171e-02
3.075486121574196388e-02 3.108287299032102061e-02
1.571038822810495728e-02 1.613989479158531651e-02
7.865464016980969544e-03 8.328116660264504520e-03
4.308647058253379201e-03 4.572348066174525445e-03
2.322227395242480296e-03 2.536903190534919514e-03
2.989802932244415516e-03 3.397998918850408685e-03
