4.697414328313745813e+01 4.663841776273630302e+01
7.394189142343955190e+00 7.367516564528550305e+00
6.147463927986339449e+00 6.253226917780812855e+00
2.229504174386028659e+00 2.242268499311587338e+00
9.188656294440613603e-01 9.203466855058058949e-01
4.096909222372246417e-01 4.090608838488947185e-01
2.000421618280069369e-01 1.988822651543102338e-01
1.065027532709751090e-01 1.049164651640468876e-01
6.614855211168349514e-02 6.563602518633181171e-02
3.180928895598691269e-02 3.108287299032102061e-02
1.629824015998002432e-02 1.613989479158531651e-02
8.457249081028970009e-03 8.328116660264504520e-03
4.571294063290503966e-03 4.572348066174525445e-03
2.537771993068017873e-03 2.536903190534919514e-03
3.425470054257090044e-03 3.397998918850408685e-03
