4.667928127417849282e+01 4.663841776273630302e+01
7.585492296627506015e+00 7.367516564528550305e+00
6.190735410479152989e+00 6.253226917780812855e+00
2.254033625424561649e+00 2.242268499311587338e+00
9.091328175939583645e-01 9.203466855058058949e-01
4.161877498791025642e-01 4.090608838488947185e-01
1.999898684367959756e-01 1.988822651543102338e-01
1.045162540602774942e-01 1.049164651640468876e-01
6.597248227662290410e-02 6.563602518633181171e-02
3.130218276895815888e-02 3.108287299032102061e-02
1.621017982286260609e-02 1.613989479158531651e-02
8.401570354574706967e-03 8.328116660264504520e-03
4.621638680324047926e-03 4.572348066174525445e-03
2.535485057742037796e-03 2.536903190534919514e-03
3.353074882837236200e-03 3.397998918850408685e-03
