4.696626997107243540e+01 4.663841776273630302e+01
7.392104419064455811e+00 7.367516564528550305e+00
6.144994394502927726e+00 6.253226917780812855e+00
2.228167913461332805e+00 2.242268499311587338e+00
9.180666524782944427e-01 9.203466855058058949e-01
4.092109749040341304e-01 4.090608838488947185e-01
1.997389617397888895e-01 1.988822651543102338e-01
1.062996552243209297e-01 1.049164651640468876e-01
6.598635758335177903e-02 6.563602518633181171e-02
3.170917887415602987e-02 3.108287299032102061e-02
1.623425496013041966e-02 1.613989479158531651e-02
8.415402057491533014e-03 8.328116660264504520e-03
4.543699127332448406e-03 4.572348066174525445e-03
2.519279254172693879e-03 2.536903190534919514e-03
3.399828448500452627e-03 3.397998918850408685e-03
