4.688660575487723037e+01 4.663841776273630302e+01
7.273324590111150734e+00 7.367516564528550305e+00
6.232372884674778568e+00 6.253226917780812855e+00
2.197618589846489723e+00 2.242268499311587338e+00
9.041299358014137644e-01 9.203466855058058949e-01
4.074390453484295627e-01 4.090608838488947185e-01
1.989661157029675442e-01 1.988822651543102338e-01
1.032274336147135096e-01 1.049164651640468876e-01
6.378020637082040811e-02 6.563602518633181171e-02
3.064261483485185636e-02 3.108287299032102061e-02
1.546200749525576332e-02 1.613989479158531651e-02
8.012493512148074690e-03 8.328116660264504520e-03
4.345733667630123122e-03 4.572348066174525445e-03
2.282712410508948991e-03 2.536903190534919514e-03
3.019842328694891630e-03 3.397998918850408685e-03
