4.639807772807629505e+01 4.663841776273630302e+01
7.335717377914035886e+00 7.367516564528550305e+00
6.209584795151449121e+00 6.253226917780812855e+00
2.214775105905579355e+00 2.242268499311587338e+00
9.171740296128709780e-01 9.203466855058058949e-01
4.085756002743484161e-01 4.090608838488947185e-01
1.964968075596692787e-01 1.988822651543102338e-01
9.886588407530010059e-02 1.049164651640468876e-01
6.455904348607392762e-02 6.563602518633181171e-02
3.028239147147226626e-02 3.108287299032102061e-02
1.540648420010356894e-02 1.613989479158531651e-02
7.912606185223786809e-03 8.328116660264504520e-03
4.185080048913591803e-03 4.572348066174525445e-03
2.276490464853470324e-03 2.536903190534919514e-03
1.909383299339380280e-02 3.397998918850408685e-03
