4.636500931572128081e+01 4.663841776273630302e+01
7.326818063475123211e+00 7.367516564528550305e+00
6.198638288312819711e+00 6.253226917780812855e+00
2.208814775825473919e+00 2.242268499311587338e+00
9.135720385742966965e-01 9.203466855058058949e-01
4.063169147284057536e-01 4.090608838488947185e-01
1.950747793217056936e-01 1.988822651543102338e-01
9.790200616101289721e-02 1.049164651640468876e-01
6.372780838474594034e-02 6.563602518633181171e-02
2.975059191303106032e-02 3.108287299032102061e-02
1.502746737053179717e-02 1.613989479158531651e-02
7.649346949407768124e-03 8.328116660264504520e-03
3.998003323586629687e-03 4.572348066174525445e-03
2.158096336220282057e-03 2.536903190534919514e-03
2.579132278592505961e-02 3.397998918850408685e-03
