4.655039639020972686e+01 4.663841776273630302e+01
7.409122972667233853e+00 7.367516564528550305e+00
6.188054662980436937e+00 6.253226917780812855e+00
2.226411440872266390e+00 2.242268499311587338e+00
9.181207207870984988e-01 9.203466855058058949e-01
4.176367284506911082e-01 4.090608838488947185e-01
1.974933288503709916e-01 1.988822651543102338e-01
1.066921889370173598e-01 1.049164651640468876e-01
6.463740418098513907e-02 6.563602518633181171e-02
3.164188289248374975e-02 3.108287299032102061e-02
1.626791124848066261e-02 1.613989479158531651e-02
8.519387748837144864e-03 8.328116660264504520e-03
4.645973440477016263e-03 4.572348066174525445e-03
2.562267819377013305e-03 2.536903190534919514e-03
3.440514920805581942e-03 3.397998918850408685e-03
