4.654932688929642381e+01 4.663841776273630302e+01
7.295508242476418381e+00 7.367516564528550305e+00
6.284957860584028388e+00 6.253226917780812855e+00
2.238426967375056531e+00 2.242268499311587338e+00
9.067480724767560396e-01 9.203466855058058949e-01
4.167235811026148151e-01 4.090608838488947185e-01
1.989479025187340933e-01 1.988822651543102338e-01
1.017238843879372107e-01 1.049164651640468876e-01
6.330437518659554064e-02 6.563602518633181171e-02
3.102180014156887336e-02 3.108287299032102061e-02
1.563704533872986926e-02 1.613989479158531651e-02
8.230845500156503541e-03 8.328116660264504520e-03
4.372335997996028463e-03 4.572348066174525445e-03
2.478579074059369166e-03 2.536903190534919514e-03
3.129320868337830130e-03 3.397998918850408685e-03
