4.656170176987375697e+01 4.663841776273630302e+01
7.298777377025409407e+00 7.367516564528550305e+00
6.288925961481117710e+00 6.253226917780812855e+00
2.240572532560346275e+00 2.242268499311587338e+00
9.079845023554730110e-01 9.203466855058058949e-01
4.174724134502949546e-01 4.090608838488947185e-01
1.994194505733513090e-01 1.988822651543102338e-01
1.020296416809741008e-01 1.049164651640468876e-01
6.354087965123496329e-02 6.563602518633181171e-02
3.117002032779435036e-02 3.108287299032102061e-02
1.572919345449907275e-02 1.613989479158531651e-02
8.290321116160750958e-03 8.328116660264504520e-03
4.410541204083642808e-03 4.572348066174525445e-03
2.504076680147267111e-03 2.536903190534919514e-03
3.177477092751765635e-03 3.397998918850408685e-03
