4.682584551017744445e+01 4.663841776273630302e+01
7.127727397295624101e+00 7.367516564528550305e+00
6.266241212725820908e+00 6.253226917780812855e+00
2.225751736480743759e+00 2.242268499311587338e+00
9.050520748181859476e-01 9.203466855058058949e-01
4.057832519477629907e-01 4.090608838488947185e-01
1.969543764344058590e-01 1.988822651543102338e-01
1.012903903138880068e-01 1.049164651640468876e-01
6.309392926379656097e-02 6.563602518633181171e-02
3.082577433059950633e-02 3.108287299032102061e-02
1.532345542785375735e-02 1.613989479158531651e-02
8.129582493729208340e-03 8.328116660264504520e-03
4.276713710174984487e-03 4.572348066174525445e-03
2.351103190215986845e-03 2.536903190534919514e-03
3.141377344877310188e-03 3.397998918850408685e-03
