2.615592346282101971e+03 2.615592346282101971e+03
4.062861288869984833e+02 4.062861288869984833e+02
1.208669614030438879e+02 1.208669614030438879e+02
4.703521640871599629e+01 4.703521640871599629e+01
2.042804120926371780e+01 2.042804120926371780e+01
1.031302916789613455e+01 1.031302916789613455e+01
5.533728479349007578e+00 5.533728479349007578e+00
3.110334965412949959e+00 3.110334965412949959e+00
1.869834933850603731e+00 1.869834933850603731e+00
1.175429853943698921e+00 1.175429853943698921e+00
7.205178924031767629e-01 7.205178924031767629e-01
4.720475614387374952e-01 4.720475614387374952e-01
3.201715353080047399e-01 3.201715353080047399e-01
2.173652559214082902e-01 2.173652559214082902e-01
1.505122612623021050e-01 1.505122612623021050e-01
1.044696767901993756e-01 1.044696767901993756e-01
8.204388715999991200e-02 8.204388715999991200e-02
5.370461596094962264e-02 5.370461596094962264e-02
6.913199194879582343e-02 6.913199194879582343e-02
3.703156107229985811e-02 3.703156107229985811e-02
2.101603016299949736e-02 2.101603016299949736e-02
1.219745663519980136e-02 1.219745663519980136e-02
7.355233722350124244e-03 7.355233722350124244e-03
7.989455148150153077e-03 7.989455148150153077e-03
