-1.609439833048654123e+02
-3.460926631070577741e+01
-1.076879268814928103e+01
-4.070148145464568934e+00
-1.787144680083019965e+00
-9.110716384453697581e-01
-4.727740297871083630e-01
-2.709713796127847241e-01
-1.648905535387036880e-01
-1.014692159187111781e-01
-6.180602300535271987e-02
-4.043959455013183130e-02
-2.834858663817023047e-02
-1.843808053658028273e-02
-1.310356933194043415e-02
-9.550639786830111139e-03
-6.632175603090033345e-03
-4.859981658740101726e-03
-5.932874576200315199e-03
-3.260458636780060038e-03
-1.791240487790010140e-03
-1.070978400120011550e-03
-6.332727684700136883e-04
-7.017628724100394809e-04
