2.901044361146254005e+02
1.012944359864333563e+02
5.126258232822919325e+01
2.980425509148669860e+01
1.870942516400051758e+01
1.208119042535145482e+01
8.380712356697744170e+00
5.977087224739944915e+00
4.290340339563855743e+00
3.127128278081009238e+00
2.345348077281951937e+00
1.753301697626965527e+00
1.367549663369997059e+00
1.061464272357990568e+00
7.952827409599922959e-01
6.280527706639936758e-01
5.216384202389932057e-01
4.056110600819964884e-01
5.881228491910208689e-01
3.872392505780015148e-01
2.546598344080058252e-01
1.703588913740031185e-01
1.136488715049991938e-01
1.529069624669936456e-01
