1.711415636948435193e+01
2.634854130410604345e+00
8.078549679369859682e-01
3.072312379790566039e-01
1.337807979470510000e-01
6.673742926359309269e-02
3.536978953779699314e-02
2.028357734654778408e-02
1.237899503458771838e-02
7.536638828323967594e-03
4.760873528550180721e-03
3.001833056871042790e-03
2.092209630701013807e-03
1.362053158062027664e-03
1.005604982706992606e-03
6.943751332509910841e-04
5.105000374519979862e-04
3.713210513420012659e-04
4.443288252279765211e-04
2.401957425990047898e-04
1.352061407070051220e-04
8.207952354500289442e-05
4.716775161499967434e-05
5.196089556199885121e-05
