1.862676377730989998e+03
1.284868851837427201e+03
1.021201461294022238e+03
8.297545643049893442e+02
6.872200213000035092e+02
5.870332193025050174e+02
5.104544914135016711e+02
4.362650603879964706e+02
3.760582923794927410e+02
3.332285764174935707e+02
2.858996696135017714e+02
2.475536004759974276e+02
2.230723046125006022e+02
1.938405575919997830e+02
1.699813631460002625e+02
1.479091620395008420e+02
1.287055665065011283e+02
1.091930276315011810e+02
1.857761202504958646e+02
1.418653804834990240e+02
1.102975101530003599e+02
8.491014302649834633e+01
6.401494671549977511e+01
1.052242326509980046e+02
