-3.072288633911814415e+01
-2.909535550648653324e+00
-8.908215727070109002e-01
-3.468715339027016453e-01
-1.498126086933845580e-01
-7.559622344474425937e-02
-4.087040221254806954e-02
-2.281600827695697692e-02
-1.400217079375912568e-02
-8.329799445819397602e-03
-5.385014398063049136e-03
-3.434507959991026614e-03
-2.299847212228543162e-03
-1.608688829191065464e-03
-1.094704233804512372e-03
-7.783902627974950347e-04
-5.859866430449969538e-04
-4.029950451890031604e-04
-5.050503222430261516e-04
-2.758287986074956606e-04
-1.528897800429951956e-04
-9.016662123549764544e-05
-5.456419193800140301e-05
-5.806619887049994526e-05
