-3.150290956165188618e+03
-1.187327045818819897e+03
-5.988309704212728093e+02
-3.450192289729089339e+02
-2.166460161449942632e+02
-1.408766428507457533e+02
-9.679105372075053992e+01
-6.792368881972616634e+01
-4.950426211597480375e+01
-3.653824441922500199e+01
-2.647015857259977878e+01
-2.069769014762444215e+01
-1.603805901422486002e+01
-1.213908677637482647e+01
-9.567828564874922392e+00
-7.149515478000011193e+00
-5.866519051600056933e+00
-4.604672994974955635e+00
-6.894050156125212325e+00
-4.543839136299956394e+00
-2.896048325800042011e+00
-1.939366687175001935e+00
-1.305201690700010353e+00
-1.783619799899949232e+00
