-3.511986509571333954e+02
-7.642108102773545397e+01
-2.289347999937338329e+01
-9.022823023207623194e+00
-3.924594457486703991e+00
-1.938904907144585188e+00
-1.047377118257618589e+00
-5.903901723077917829e-01
-3.651528604491255936e-01
-2.123571727434424572e-01
-1.383051630696952861e-01
-8.970854503418605741e-02
-6.067789535977905629e-02
-4.029160802733918606e-02
-2.888539708035449058e-02
-2.032745099005978107e-02
-1.457767562287500679e-02
-1.057739265943011091e-02
-1.336729310144432227e-02
-6.998492224885138543e-03
-3.934073639175104074e-03
-2.307883581615036237e-03
-1.424137049954953601e-03
-1.532403970989968224e-03
