7.481617239023238497e+00
1.599296175334946168e+00
4.879386761815062146e-01
1.868725997401058658e-01
8.353716644284778226e-02
4.152289819590589820e-02
2.195825506779665315e-02
1.259868313450716176e-02
7.557837988060058659e-03
4.647232480118789616e-03
2.861933295539404246e-03
1.944738724850151581e-03
1.273277009544891746e-03
8.538821423888861986e-04
6.101464567587627525e-04
4.444286581243473040e-04
3.275042224581473896e-04
2.145558986990006426e-04
2.722192853632108482e-04
1.453757523291982032e-04
8.395704722364942529e-05
4.920310847354947498e-05
2.904389971514943503e-05
3.282462186615109909e-05
