5.268584919075506150e+02
2.262809915892776473e+02
1.116265513595779737e+02
6.376321405761280658e+01
4.059389398600610122e+01
2.661500300874083180e+01
1.816477876623040544e+01
1.312642318668470764e+01
9.281386113289556761e+00
6.942227559289992023e+00
4.967899251580014663e+00
3.943607488169953434e+00
2.946891384239951783e+00
2.317343509349977460e+00
1.761185619054953078e+00
1.407361775314971197e+00
1.122263330014987570e+00
8.925975506000076720e-01
1.282310313815019143e+00
8.526664078950019210e-01
5.620233015199896931e-01
3.683007204699973447e-01
2.496235956050070481e-01
3.312060950150140237e-01
