7.109059906280292296e+01
5.264069952610178404e+01
4.305006510780119555e+01
3.575117984550266925e+01
3.029993468940033097e+01
2.594014278150072528e+01
2.205703611140044629e+01
1.917954386070012163e+01
1.620893940210018513e+01
1.475133594929977932e+01
1.284347379489997110e+01
1.089102999619998968e+01
9.739302400500070789e+00
8.592206569400108407e+00
7.338065614900015632e+00
6.406632068299924931e+00
5.732762057999939209e+00
4.928945978799966099e+00
8.089660560000343281e+00
6.308419209199981559e+00
4.992728751500044915e+00
3.685469370600029215e+00
2.852728632899993233e+00
4.636231353399832500e+00
