-2.427644012903785153e+01
-3.696688387278257881e+00
-1.128122404133244716e+00
-4.286534144356460851e-01
-1.918743935363706743e-01
-9.402688269081699302e-02
-5.079123100504483873e-02
-2.869728689291672560e-02
-1.743198774198564602e-02
-1.067602164370702947e-02
-6.581581425085042229e-03
-4.498303072053912686e-03
-2.905234130679024921e-03
-1.984565937821999079e-03
-1.371342428402016339e-03
-1.024948919422012618e-03
-7.158876771990067356e-04
-5.038939561230000499e-04
-6.426140982229803242e-04
-3.496018354770000312e-04
-1.899086662699971530e-04
-1.158985776249984583e-04
-6.624274189199918952e-05
-7.463275656599815001e-05
