-9.900000e-02   1.706874e+03
-9.800000e-02   1.677057e+03
-9.700000e-02   1.647442e+03
-9.600000e-02   1.618030e+03
-9.500000e-02   1.588822e+03
-9.400000e-02   1.559818e+03
-9.300000e-02   1.531019e+03
-9.200000e-02   1.502425e+03
-9.100000e-02   1.474038e+03
-9.000000e-02   1.445858e+03
-8.900000e-02   1.417886e+03
-8.800000e-02   1.390123e+03
-8.700000e-02   1.362570e+03
-8.600000e-02   1.335229e+03
-8.500000e-02   1.308099e+03
-8.400000e-02   1.281183e+03
-8.300000e-02   1.254482e+03
-8.200000e-02   1.227996e+03
-8.100000e-02   1.201727e+03
-8.000000e-02   1.175676e+03
-7.900000e-02   1.149845e+03
-7.800000e-02   1.124235e+03
-7.700000e-02   1.098847e+03
-7.600000e-02   1.073683e+03
-7.500000e-02   1.048745e+03
-7.400000e-02   1.024034e+03
-7.300000e-02   9.995518e+02
-7.200000e-02   9.752998e+02
-7.100000e-02   9.512799e+02
-7.000000e-02   9.274940e+02
-6.900000e-02   9.039438e+02
-6.800000e-02   8.806312e+02
-6.700000e-02   8.575581e+02
-6.600000e-02   8.347264e+02
-6.500000e-02   8.121382e+02
-6.400000e-02   7.897956e+02
-6.300000e-02   7.677005e+02
-6.200000e-02   7.458552e+02
-6.100000e-02   7.242619e+02
-6.000000e-02   7.029228e+02
-5.900000e-02   6.818401e+02
-5.800000e-02   6.610162e+02
-5.700000e-02   6.404535e+02
-5.600000e-02   6.201545e+02
-5.500000e-02   6.001215e+02
-5.400000e-02   5.803570e+02
-5.300000e-02   5.608638e+02
-5.200000e-02   5.416442e+02
-5.100000e-02   5.227012e+02
-5.000000e-02   5.040372e+02
-4.900000e-02   4.856551e+02
-4.800000e-02   4.675576e+02
-4.700000e-02   4.497476e+02
-4.600000e-02   4.322281e+02
-4.500000e-02   4.150018e+02
-4.400000e-02   3.980718e+02
-4.300000e-02   3.814412e+02
-4.200000e-02   3.651130e+02
-4.100000e-02   3.490903e+02
-4.000000e-02   3.333762e+02
-3.900000e-02   3.179741e+02
-3.800000e-02   3.028871e+02
-3.700000e-02   2.881185e+02
-3.600000e-02   2.736718e+02
-3.500000e-02   2.595503e+02
-3.400000e-02   2.457574e+02
-3.300000e-02   2.322967e+02
-3.200000e-02   2.191716e+02
-3.100000e-02   2.063858e+02
-3.000000e-02   1.939429e+02
-2.900000e-02   1.818466e+02
-2.800000e-02   1.701005e+02
-2.700000e-02   1.587085e+02
-2.600000e-02   1.476744e+02
-2.500000e-02   1.370020e+02
-2.400000e-02   1.266952e+02
-2.300000e-02   1.167580e+02
-2.200000e-02   1.071945e+02
-2.100000e-02   9.800854e+01
-2.000000e-02   9.261486e+01
-1.900000e-02   8.386442e+01
-1.800000e-02   7.552101e+01
-1.700000e-02   6.758887e+01
-1.600000e-02   6.007228e+01
-1.500000e-02   5.297558e+01
-1.400000e-02   4.630315e+01
-1.300000e-02   4.005941e+01
-1.200000e-02   3.424884e+01
-1.100000e-02   2.887596e+01
-1.000000e-02   2.394532e+01
-9.000000e-03   1.946155e+01
-8.000000e-03   1.542929e+01
-7.000000e-03   1.185326e+01
-6.000000e-03   8.738193e+00
-5.000000e-03   6.088895e+00
-4.000000e-03   3.910206e+00
-3.000000e-03   2.207014e+00
-2.000000e-03   9.842543e-01
-1.000000e-03   2.469072e-01
7.632783e-17   1.205716e-27
1.000000e-03   2.110467e-01
2.000000e-03   8.470987e-01
3.000000e-03   1.912556e+00
4.000000e-03   3.411860e+00
5.000000e-03   5.349497e+00
6.000000e-03   7.729993e+00
7.000000e-03   1.055792e+01
8.000000e-03   1.383789e+01
9.000000e-03   1.757455e+01
1.000000e-02   2.177261e+01
1.100000e-02   2.643681e+01
1.200000e-02   3.157192e+01
1.300000e-02   3.718278e+01
1.400000e-02   4.327425e+01
1.500000e-02   4.985124e+01
1.600000e-02   5.691871e+01
1.700000e-02   6.448165e+01
1.800000e-02   7.254509e+01
1.900000e-02   8.111413e+01
2.000000e-02   9.019388e+01
2.100000e-02   9.978950e+01
2.200000e-02   1.099062e+02
2.300000e-02   1.205493e+02
2.400000e-02   1.317240e+02
2.500000e-02   1.434356e+02
2.600000e-02   1.556896e+02
2.700000e-02   1.684914e+02
2.800000e-02   1.818464e+02
2.900000e-02   1.957602e+02
3.000000e-02   2.102382e+02
3.100000e-02   2.252861e+02
3.200000e-02   2.409096e+02
3.300000e-02   2.571142e+02
3.400000e-02   2.739058e+02
3.500000e-02   2.912900e+02
3.600000e-02   3.092727e+02
3.700000e-02   3.278598e+02
3.800000e-02   3.470571e+02
3.900000e-02   3.668705e+02
4.000000e-02   3.873061e+02
4.100000e-02   4.083698e+02
4.200000e-02   4.300677e+02
4.300000e-02   4.524060e+02
4.400000e-02   4.753907e+02
4.500000e-02   4.990281e+02
4.600000e-02   5.233243e+02
4.700000e-02   5.482858e+02
4.800000e-02   5.739187e+02
4.900000e-02   6.002294e+02
5.000000e-02   6.272244e+02
5.100000e-02   6.549101e+02
5.200000e-02   6.832930e+02
5.300000e-02   7.123795e+02
5.400000e-02   7.421764e+02
5.500000e-02   7.726902e+02
5.600000e-02   8.039275e+02
5.700000e-02   8.358952e+02
5.800000e-02   8.685998e+02
5.900000e-02   9.020482e+02
6.000000e-02   9.362473e+02
6.100000e-02   9.712039e+02
6.200000e-02   1.006925e+03
6.300000e-02   1.043417e+03
6.400000e-02   1.080688e+03
6.500000e-02   1.118744e+03
6.600000e-02   1.157593e+03
6.700000e-02   1.197242e+03
6.800000e-02   1.237697e+03
6.900000e-02   1.278966e+03
7.000000e-02   1.321057e+03
7.100000e-02   1.363976e+03
7.200000e-02   1.407731e+03
7.300000e-02   1.452330e+03
7.400000e-02   1.497779e+03
7.500000e-02   1.544087e+03
7.600000e-02   1.591261e+03
7.700000e-02   1.639307e+03
7.800000e-02   1.688235e+03
7.900000e-02   1.738052e+03
8.000000e-02   1.788764e+03
8.100000e-02   1.840381e+03
8.200000e-02   1.892910e+03
8.300000e-02   1.946358e+03
8.400000e-02   2.000733e+03
8.500000e-02   2.056045e+03
8.600000e-02   2.112299e+03
8.700000e-02   2.169505e+03
8.800000e-02   2.227670e+03
8.900000e-02   2.286803e+03
9.000000e-02   2.346911e+03
9.100000e-02   2.408003e+03
9.200000e-02   2.470087e+03
9.300000e-02   2.533171e+03
9.400000e-02   2.597264e+03
9.500000e-02   2.662374e+03
9.600000e-02   2.728508e+03
9.700000e-02   2.795677e+03
9.800000e-02   2.863888e+03
9.900000e-02   2.933149e+03
1.000000e-01   3.003470e+03
