-9.900000e-01   3.450324e+01
-9.800000e-01   3.406873e+01
-9.700000e-01   3.363870e+01
-9.600000e-01   3.321314e+01
-9.500000e-01   3.279207e+01
-9.400000e-01   3.237546e+01
-9.300000e-01   3.196334e+01
-9.200000e-01   3.155568e+01
-9.100000e-01   3.115250e+01
-9.000000e-01   3.075379e+01
-8.900000e-01   3.035956e+01
-8.800000e-01   2.996981e+01
-8.700000e-01   2.958452e+01
-8.600000e-01   2.920372e+01
-8.500000e-01   2.882737e+01
-8.400000e-01   2.845550e+01
-8.300000e-01   2.808810e+01
-8.200000e-01   2.772517e+01
-8.100000e-01   2.736671e+01
-8.000000e-01   2.701273e+01
-7.900000e-01   2.666320e+01
-7.800000e-01   2.631816e+01
-7.700000e-01   2.597757e+01
-7.600000e-01   2.564146e+01
-7.500000e-01   2.530981e+01
-7.400000e-01   2.498264e+01
-7.300000e-01   2.465992e+01
-7.200000e-01   2.434167e+01
-7.100000e-01   2.402790e+01
-7.000000e-01   2.371857e+01
-6.900000e-01   2.341373e+01
-6.800000e-01   2.311334e+01
-6.700000e-01   2.281741e+01
-6.600000e-01   2.252595e+01
-6.500000e-01   2.223896e+01
-6.400000e-01   2.195643e+01
-6.300000e-01   2.167836e+01
-6.200000e-01   2.140475e+01
-6.100000e-01   2.113560e+01
-6.000000e-01   2.087092e+01
-5.900000e-01   2.061069e+01
-5.800000e-01   2.035493e+01
-5.700000e-01   2.010362e+01
-5.600000e-01   1.985678e+01
-5.500000e-01   1.961439e+01
-5.400000e-01   1.937646e+01
-5.300000e-01   1.914299e+01
-5.200000e-01   1.891397e+01
-5.100000e-01   1.868942e+01
-5.000000e-01   1.846932e+01
-4.900000e-01   1.825368e+01
-4.800000e-01   1.804249e+01
-4.700000e-01   1.783576e+01
-4.600000e-01   1.763348e+01
-4.500000e-01   1.743566e+01
-4.400000e-01   1.724230e+01
-4.300000e-01   1.705338e+01
-4.200000e-01   1.686892e+01
-4.100000e-01   1.668891e+01
-4.000000e-01   1.651335e+01
-3.900000e-01   1.634226e+01
-3.800000e-01   1.617560e+01
-3.700000e-01   1.601340e+01
-3.600000e-01   1.585565e+01
-3.500000e-01   1.570236e+01
-3.400000e-01   1.555352e+01
-3.300000e-01   1.540911e+01
-3.200000e-01   1.526916e+01
-3.100000e-01   1.513366e+01
-3.000000e-01   1.500260e+01
-2.900000e-01   1.487600e+01
-2.800000e-01   1.475385e+01
-2.700000e-01   1.463613e+01
-2.600000e-01   1.452287e+01
-2.500000e-01   1.441405e+01
-2.400000e-01   1.430968e+01
-2.300000e-01   1.420975e+01
-2.200000e-01   1.411427e+01
-2.100000e-01   1.402323e+01
-2.000000e-01   1.393664e+01
-1.900000e-01   1.385449e+01
-1.800000e-01   1.377678e+01
-1.700000e-01   1.370352e+01
-1.600000e-01   1.363471e+01
-1.500000e-01   1.357033e+01
-1.400000e-01   1.351039e+01
-1.300000e-01   1.345489e+01
-1.200000e-01   1.340383e+01
-1.100000e-01   1.335722e+01
-1.000000e-01   1.331504e+01
-9.000000e-02   1.327731e+01
-8.000000e-02   1.324401e+01
-7.000000e-02   1.321515e+01
-6.000000e-02   1.319074e+01
-5.000000e-02   1.317075e+01
-4.000000e-02   1.315521e+01
-3.000000e-02   1.314410e+01
-2.000000e-02   1.313743e+01
-1.000000e-02   1.313520e+01
7.528700e-16   1.313740e+01
1.000000e-02   1.314403e+01
2.000000e-02   1.315510e+01
3.000000e-02   1.317061e+01
4.000000e-02   1.319055e+01
5.000000e-02   1.321492e+01
6.000000e-02   1.324375e+01
7.000000e-02   1.327697e+01
8.000000e-02   1.331465e+01
9.000000e-02   1.335675e+01
1.000000e-01   1.340329e+01
1.100000e-01   1.345425e+01
1.200000e-01   1.350965e+01
1.300000e-01   1.356948e+01
1.400000e-01   1.363374e+01
1.500000e-01   1.370243e+01
1.600000e-01   1.377554e+01
1.700000e-01   1.385309e+01
1.800000e-01   1.393508e+01
1.900000e-01   1.402147e+01
2.000000e-01   1.411230e+01
2.100000e-01   1.420755e+01
2.200000e-01   1.430724e+01
2.300000e-01   1.441135e+01
2.400000e-01   1.451988e+01
2.500000e-01   1.463285e+01
2.600000e-01   1.475024e+01
2.700000e-01   1.487204e+01
2.800000e-01   1.499828e+01
2.900000e-01   1.512894e+01
3.000000e-01   1.526403e+01
3.100000e-01   1.540354e+01
3.200000e-01   1.554746e+01
3.300000e-01   1.569582e+01
3.400000e-01   1.584858e+01
3.500000e-01   1.600577e+01
3.600000e-01   1.616739e+01
3.700000e-01   1.633342e+01
3.800000e-01   1.650388e+01
3.900000e-01   1.667875e+01
4.000000e-01   1.685805e+01
4.100000e-01   1.704176e+01
4.200000e-01   1.722989e+01
4.300000e-01   1.742244e+01
4.400000e-01   1.761941e+01
4.500000e-01   1.782080e+01
4.600000e-01   1.802660e+01
4.700000e-01   1.823682e+01
4.800000e-01   1.845146e+01
4.900000e-01   1.867051e+01
5.000000e-01   1.889398e+01
5.100000e-01   1.912186e+01
5.200000e-01   1.935415e+01
5.300000e-01   1.959086e+01
5.400000e-01   1.983198e+01
5.500000e-01   2.007752e+01
5.600000e-01   2.032747e+01
5.700000e-01   2.058183e+01
5.800000e-01   2.084061e+01
5.900000e-01   2.110379e+01
6.000000e-01   2.137139e+01
6.100000e-01   2.164340e+01
6.200000e-01   2.191982e+01
6.300000e-01   2.220064e+01
6.400000e-01   2.248588e+01
6.500000e-01   2.277553e+01
6.600000e-01   2.306959e+01
6.700000e-01   2.336805e+01
6.800000e-01   2.367093e+01
6.900000e-01   2.397821e+01
7.000000e-01   2.428990e+01
7.100000e-01   2.460599e+01
7.200000e-01   2.492649e+01
7.300000e-01   2.525140e+01
7.400000e-01   2.558071e+01
7.500000e-01   2.591443e+01
7.600000e-01   2.625256e+01
7.700000e-01   2.659509e+01
7.800000e-01   2.694202e+01
7.900000e-01   2.729336e+01
8.000000e-01   2.764910e+01
8.100000e-01   2.800924e+01
8.200000e-01   2.837378e+01
8.300000e-01   2.874273e+01
8.400000e-01   2.911608e+01
8.500000e-01   2.949383e+01
8.600000e-01   2.987598e+01
8.700000e-01   3.026254e+01
8.800000e-01   3.065349e+01
8.900000e-01   3.104883e+01
9.000000e-01   3.144859e+01
9.100000e-01   3.185274e+01
9.200000e-01   3.226129e+01
9.300000e-01   3.267423e+01
9.400000e-01   3.309158e+01
9.500000e-01   3.351332e+01
9.600000e-01   3.393946e+01
9.700000e-01   3.436999e+01
9.800000e-01   3.480495e+01
9.900000e-01   3.524427e+01
1.000000e+00   3.568798e+01
