-9.900000e-02   2.978095e+02
-9.800000e-02   2.918837e+02
-9.700000e-02   2.860162e+02
-9.600000e-02   2.802072e+02
-9.500000e-02   2.744567e+02
-9.400000e-02   2.687647e+02
-9.300000e-02   2.631312e+02
-9.200000e-02   2.575563e+02
-9.100000e-02   2.520400e+02
-9.000000e-02   2.465823e+02
-8.900000e-02   2.411833e+02
-8.800000e-02   2.358430e+02
-8.700000e-02   2.305615e+02
-8.600000e-02   2.253387e+02
-8.500000e-02   2.201748e+02
-8.400000e-02   2.150696e+02
-8.300000e-02   2.100234e+02
-8.200000e-02   2.050361e+02
-8.100000e-02   2.001077e+02
-8.000000e-02   1.952383e+02
-7.900000e-02   1.904279e+02
-7.800000e-02   1.856765e+02
-7.700000e-02   1.809843e+02
-7.600000e-02   1.763511e+02
-7.500000e-02   1.717771e+02
-7.400000e-02   1.672623e+02
-7.300000e-02   1.628067e+02
-7.200000e-02   1.584104e+02
-7.100000e-02   1.540733e+02
-7.000000e-02   1.497956e+02
-6.900000e-02   1.455773e+02
-6.800000e-02   1.414183e+02
-6.700000e-02   1.373188e+02
-6.600000e-02   1.332788e+02
-6.500000e-02   1.292982e+02
-6.400000e-02   1.253772e+02
-6.300000e-02   1.215158e+02
-6.200000e-02   1.177140e+02
-6.100000e-02   1.139718e+02
-6.000000e-02   1.102893e+02
-5.900000e-02   1.066666e+02
-5.800000e-02   1.031036e+02
-5.700000e-02   9.960040e+01
-5.600000e-02   9.615704e+01
-5.500000e-02   9.277354e+01
-5.400000e-02   8.944995e+01
-5.300000e-02   8.618630e+01
-5.200000e-02   8.298264e+01
-5.100000e-02   7.983899e+01
-5.000000e-02   7.675540e+01
-4.900000e-02   7.373190e+01
-4.800000e-02   7.076852e+01
-4.700000e-02   6.786532e+01
-4.600000e-02   6.502232e+01
-4.500000e-02   6.223957e+01
-4.400000e-02   5.951709e+01
-4.300000e-02   5.685494e+01
-4.200000e-02   5.425314e+01
-4.100000e-02   5.171173e+01
-4.000000e-02   4.923076e+01
-3.900000e-02   4.681027e+01
-3.800000e-02   4.445028e+01
-3.700000e-02   4.215084e+01
-3.600000e-02   3.991199e+01
-3.500000e-02   3.773377e+01
-3.400000e-02   3.561621e+01
-3.300000e-02   3.355936e+01
-3.200000e-02   3.156325e+01
-3.100000e-02   2.962792e+01
-3.000000e-02   2.775342e+01
-2.900000e-02   2.593978e+01
-2.800000e-02   2.418704e+01
-2.700000e-02   2.249524e+01
-2.600000e-02   2.086442e+01
-2.500000e-02   1.929463e+01
-2.400000e-02   1.824830e+02
-2.300000e-02   2.288684e+02
-2.200000e-02   2.094126e+02
-2.100000e-02   1.908198e+02
-2.000000e-02   1.730901e+02
-1.900000e-02   1.562237e+02
-1.800000e-02   1.402207e+02
-1.700000e-02   1.250813e+02
-1.600000e-02   1.108057e+02
-1.500000e-02   9.739398e+01
-1.400000e-02   8.484637e+01
-1.300000e-02   7.316300e+01
-1.200000e-02   6.234404e+01
-1.100000e-02   5.238965e+01
-1.000000e-02   4.330000e+01
-9.000000e-03   3.507524e+01
-8.000000e-03   2.771554e+01
-7.000000e-03   2.122107e+01
-6.000000e-03   1.559199e+01
-5.000000e-03   1.082847e+01
-4.000000e-03   6.930665e+00
-3.000000e-03   3.898750e+00
-2.000000e-03   1.732890e+00
-1.000000e-03   4.332504e-01
7.632783e-17   1.031833e-28
1.000000e-03   3.105297e-02
2.000000e-03   1.242403e-01
3.000000e-03   2.796046e-01
4.000000e-03   4.971886e-01
5.000000e-03   7.770352e-01
6.000000e-03   1.119187e+00
7.000000e-03   1.523688e+00
8.000000e-03   1.990581e+00
9.000000e-03   2.519908e+00
1.000000e-02   3.111714e+00
1.100000e-02   3.766042e+00
1.200000e-02   4.482935e+00
1.300000e-02   5.262438e+00
1.400000e-02   6.104593e+00
1.500000e-02   7.009445e+00
1.600000e-02   7.977037e+00
1.700000e-02   9.007415e+00
1.800000e-02   1.010062e+01
1.900000e-02   1.125670e+01
2.000000e-02   1.247570e+01
2.100000e-02   1.375766e+01
2.200000e-02   1.510262e+01
2.300000e-02   1.651064e+01
2.400000e-02   1.798175e+01
2.500000e-02   1.951600e+01
2.600000e-02   2.111344e+01
2.700000e-02   2.277411e+01
2.800000e-02   2.449806e+01
2.900000e-02   2.628533e+01
3.000000e-02   2.813596e+01
3.100000e-02   3.005001e+01
3.200000e-02   3.202751e+01
3.300000e-02   3.406852e+01
3.400000e-02   3.617308e+01
3.500000e-02   3.834123e+01
3.600000e-02   4.057302e+01
3.700000e-02   4.286851e+01
3.800000e-02   4.522772e+01
3.900000e-02   4.765071e+01
4.000000e-02   5.013753e+01
4.100000e-02   5.268822e+01
4.200000e-02   5.530284e+01
4.300000e-02   5.798141e+01
4.400000e-02   6.072400e+01
4.500000e-02   6.353065e+01
4.600000e-02   6.640141e+01
4.700000e-02   6.933632e+01
4.800000e-02   7.233542e+01
4.900000e-02   7.539878e+01
5.000000e-02   7.852644e+01
5.100000e-02   8.171843e+01
5.200000e-02   8.497482e+01
5.300000e-02   8.829564e+01
5.400000e-02   9.168095e+01
5.500000e-02   9.513080e+01
5.600000e-02   9.864522e+01
5.700000e-02   1.022243e+02
5.800000e-02   1.058680e+02
5.900000e-02   1.095765e+02
6.000000e-02   1.133497e+02
6.100000e-02   1.171878e+02
6.200000e-02   1.210907e+02
6.300000e-02   1.250585e+02
6.400000e-02   1.290914e+02
6.500000e-02   1.331892e+02
6.600000e-02   1.373521e+02
6.700000e-02   1.415801e+02
6.800000e-02   1.458733e+02
6.900000e-02   1.502317e+02
7.000000e-02   1.546554e+02
7.100000e-02   1.591444e+02
7.200000e-02   1.636987e+02
7.300000e-02   1.683185e+02
7.400000e-02   1.730037e+02
7.500000e-02   1.777544e+02
7.600000e-02   1.825707e+02
7.700000e-02   1.874526e+02
7.800000e-02   1.924002e+02
7.900000e-02   1.974135e+02
8.000000e-02   2.024925e+02
8.100000e-02   2.076374e+02
8.200000e-02   2.128481e+02
8.300000e-02   2.181248e+02
8.400000e-02   2.234674e+02
8.500000e-02   2.288760e+02
8.600000e-02   2.343507e+02
8.700000e-02   2.398915e+02
8.800000e-02   2.454985e+02
8.900000e-02   2.511717e+02
9.000000e-02   2.569112e+02
9.100000e-02   2.627170e+02
9.200000e-02   2.685892e+02
9.300000e-02   2.745278e+02
9.400000e-02   2.805329e+02
9.500000e-02   2.866045e+02
9.600000e-02   2.927427e+02
9.700000e-02   2.989476e+02
9.800000e-02   3.052191e+02
9.900000e-02   3.115574e+02
1.000000e-01   3.179625e+02
