3.458481254814485339e+01 3.456364936589915260e+01
7.071917590999537317e+00 7.088210872585724687e+00
2.060113477574266216e+00 2.061399673244676212e+00
7.186662193405675136e-01 7.271740569105059615e-01
2.839483378913986722e-01 2.878529150594638653e-01
1.244206658565777390e-01 1.249618280396050524e-01
5.769216837890835808e-02 5.966555133154265167e-02
2.800131631728751055e-02 2.844222901213879634e-02
1.426614426307604676e-02 1.511461666659027515e-02
7.798775609862701984e-03 7.961931094105438936e-03
