3.483669380537712357e+01 3.456364936589915260e+01
5.954833916199512522e+00 7.088210872585724687e+00
2.049580259178803487e+00 2.061399673244676212e+00
7.507062031166926719e-01 7.271740569105059615e-01
2.708601726327522496e-01 2.878529150594638653e-01
1.169632977163902188e-01 1.249618280396050524e-01
5.279072072074982025e-02 5.966555133154265167e-02
2.536629041975000526e-02 2.844222901213879634e-02
1.231310705725000704e-02 1.511461666659027515e-02
6.236537994154106590e-03 7.961931094105438936e-03
