3.507472461072929093e+01 3.456364936589915260e+01
6.021094274111704614e+00 7.088210872585724687e+00
2.087530730350146246e+00 2.061399673244676212e+00
7.736870425265037765e-01 7.271740569105059615e-01
2.835623468469983810e-01 2.878529150594638653e-01
1.243882302464659056e-01 1.249618280396050524e-01
5.735402312524991164e-02 5.966555133154265167e-02
2.824978465499992930e-02 2.844222901213879634e-02
1.417571951399998996e-02 1.511461666659027515e-02
7.322014031089038415e-03 7.961931094105438936e-03
