3.515450024747698876e+01 3.456364936589915260e+01
6.975629759542413488e+00 7.088210872585724687e+00
2.053086569155214036e+00 2.061399673244676212e+00
7.236340962041761804e-01 7.271740569105059615e-01
2.875157649955746852e-01 2.878529150594638653e-01
1.249561321189756186e-01 1.249618280396050524e-01
5.863335786248620451e-02 5.966555133154265167e-02
2.909973218084998051e-02 2.844222901213879634e-02
1.464718305587499325e-02 1.511461666659027515e-02
7.956702782500013962e-03 7.961931094105438936e-03
