3.455656774296424061e+01 3.456364936589915260e+01
7.015610315470814484e+00 7.088210872585724687e+00
2.018741551274676027e+00 2.061399673244676212e+00
6.866105886929974034e-01 7.271740569105059615e-01
2.716368584952748022e-01 2.878529150594638653e-01
1.182015509614463000e-01 1.249618280396050524e-01
5.338744056765016427e-02 5.966555133154265167e-02
2.518173663030202555e-02 2.844222901213879634e-02
1.265910406590054112e-02 1.511461666659027515e-02
6.348173593199811678e-03 7.961931094105438936e-03
