3.495066911725941594e+01 3.456364936589915260e+01
5.986483855181437441e+00 7.088210872585724687e+00
2.067660788029218821e+00 2.061399673244676212e+00
7.616122104539548854e-01 7.271740569105059615e-01
2.768594007455607575e-01 2.878529150594638653e-01
1.204572745361362218e-01 1.249618280396050524e-01
5.491535252049025567e-02 5.966555133154265167e-02
2.669517303225259208e-02 2.844222901213879634e-02
1.316053139774964707e-02 1.511461666659027515e-02
6.721516783191609085e-03 7.961931094105438936e-03
