3.397086020109768612e+01 3.456364936589915260e+01
6.765649184689165985e+00 7.088210872585724687e+00
1.894436908569718359e+00 2.061399673244676212e+00
6.222634256228005700e-01 7.271740569105059615e-01
2.363236264144600307e-01 2.878529150594638653e-01
9.830319276408466811e-02 1.249618280396050524e-01
4.195401301053507115e-02 5.966555133154265167e-02
1.884003458992898269e-02 2.844222901213879634e-02
9.328134738389726177e-03 1.511461666659027515e-02
4.903872099708495892e-03 7.961931094105438936e-03
