3.502183030347348591e+01 3.456364936589915260e+01
6.919425055391855928e+00 7.088210872585724687e+00
2.024637975459247397e+00 2.061399673244676212e+00
7.087304239326468469e-01 7.271740569105059615e-01
2.789504478806406063e-01 2.878529150594638653e-01
1.199146262318734335e-01 1.249618280396050524e-01
5.549305613875923221e-02 5.966555133154265167e-02
2.720216460974948444e-02 2.844222901213879634e-02
1.343356551249940897e-02 1.511461666659027515e-02
7.165328780000115166e-03 7.961931094105438936e-03
