3.444534327996522904e+01 3.456364936589915260e+01
5.847269764671828796e+00 7.088210872585724687e+00
1.988808188899915619e+00 2.061399673244676212e+00
7.146647478757467420e-01 7.271740569105059615e-01
2.514524109587255585e-01 2.878529150594638653e-01
1.059607876666740917e-01 1.249618280396050524e-01
4.636327925607525158e-02 5.966555133154265167e-02
2.154765331932498654e-02 2.844222901213879634e-02
1.004165479427499355e-02 1.511461666659027515e-02
5.070567266747940359e-03 7.961931094105438936e-03
