3.469813227022389412e+01 3.456364936589915260e+01
5.916550841728008159e+00 7.088210872585724687e+00
2.027828658278866047e+00 2.061399673244676212e+00
7.376935556740595867e-01 7.271740569105059615e-01
2.637752690405255618e-01 2.878529150594638653e-01
1.128854605640438463e-01 1.249618280396050524e-01
5.035961807577491595e-02 5.966555133154265167e-02
2.388099349327497956e-02 2.844222901213879634e-02
1.139459605235001831e-02 1.511461666659027515e-02
5.734341586144180505e-03 7.961931094105438936e-03
