3.426329866719062522e+01 3.456364936589915260e+01
6.889637205935576603e+00 7.088210872585724687e+00
1.955490395084804378e+00 2.061399673244676212e+00
6.534158806357488469e-01 7.271740569105059615e-01
2.530612122183010237e-01 2.878529150594638653e-01
1.074748585027445885e-01 1.249618280396050524e-01
4.697584898750245541e-02 5.966555133154265167e-02
2.139973938922508367e-02 2.844222901213879634e-02
1.045845191923423616e-02 1.511461666659027515e-02
5.133189432945497836e-03 7.961931094105438936e-03
