3.458297479693236198e+01 3.456364936589915260e+01
6.872225470962207261e+00 7.088210872585724687e+00
2.005789620326131839e+00 2.061399673244676212e+00
7.050808545300585317e-01 7.271740569105059615e-01
2.758156436518856003e-01 2.878529150594638653e-01
1.177436803991375319e-01 1.249618280396050524e-01
5.463319277143645347e-02 5.966555133154265167e-02
2.639522967749774116e-02 2.844222901213879634e-02
1.315797690780029505e-02 1.511461666659027515e-02
6.739455492674812503e-03 7.961931094105438936e-03
