3.512578643430401115e+01 3.456364936589915260e+01
6.035388350321754913e+00 7.088210872585724687e+00
2.095766254244202820e+00 2.061399673244676212e+00
7.787182332029156662e-01 7.271740569105059615e-01
2.863731249474998908e-01 2.878529150594638653e-01
1.260505640764759960e-01 1.249618280396050524e-01
5.839553958300020692e-02 5.966555133154265167e-02
2.892205250300000294e-02 2.844222901213879634e-02
1.462135481924996087e-02 1.511461666659027515e-02
7.590919533866440430e-03 7.961931094105438936e-03
