3.442407305176887888e+01 3.456364936589915260e+01
6.958499476948012408e+00 7.088210872585724687e+00
1.989920667233692653e+00 2.061399673244676212e+00
6.713768296616247078e-01 7.271740569105059615e-01
2.630268281687000442e-01 2.878529150594638653e-01
1.131702847548001212e-01 1.249618280396050524e-01
5.032377487807508654e-02 5.966555133154265167e-02
2.332612557449250182e-02 2.844222901213879634e-02
1.153604658202502659e-02 1.511461666659027515e-02
5.679197537187503225e-03 7.961931094105438936e-03
