3.513111306408250556e+01 3.456364936589915260e+01
6.965700421018616417e+00 7.088210872585724687e+00
2.048045498866899017e+00 2.061399673244676212e+00
7.209831606339252019e-01 7.271740569105059615e-01
2.859850525253757048e-01 2.878529150594638653e-01
1.240500071964246304e-01 1.249618280396050524e-01
5.806509978829244023e-02 5.966555133154265167e-02
2.875365123015005339e-02 2.844222901213879634e-02
1.442373659090000898e-02 1.511461666659027515e-02
7.809425794274997383e-03 7.961931094105438936e-03
