3.484119734009770042e+01 3.456364936589915260e+01
6.843385020659902729e+00 7.088210872585724687e+00
1.986492367162730366e+00 2.061399673244676212e+00
6.889721401814284940e-01 7.271740569105059615e-01
2.677569438404303059e-01 2.878529150594638653e-01
1.134422157958749483e-01 1.249618280396050524e-01
5.154741860617518406e-02 5.966555133154265167e-02
2.487912441820746764e-02 2.844222901213879634e-02
1.199520175535749057e-02 1.511461666659027515e-02
6.262777655234995355e-03 7.961931094105438936e-03
