3.381532750016609867e+01 3.456364936589915260e+01
6.724569340816121787e+00 7.088210872585724687e+00
1.889005333997902047e+00 2.061399673244676212e+00
6.314249597987138252e-01 7.271740569105059615e-01
2.341616264318110430e-01 2.878529150594638653e-01
9.498355609075780082e-02 1.249618280396050524e-01
4.038072943292159156e-02 5.966555133154265167e-02
1.968018011351175753e-02 2.844222901213879634e-02
1.088331843331351648e-02 1.511461666659027515e-02
7.909054075599993711e-03 7.961931094105438936e-03
