3.449216679956742126e+01 3.456364936589915260e+01
7.029446959694889863e+00 7.088210872585724687e+00
2.038739550362723918e+00 2.061399673244676212e+00
7.074075793706751103e-01 7.271740569105059615e-01
2.772300218219700962e-01 2.878529150594638653e-01
1.201842589429895219e-01 1.249618280396050524e-01
5.494278119124935966e-02 5.966555133154265167e-02
2.631214071375376565e-02 2.844222901213879634e-02
1.321512531699986850e-02 1.511461666659027515e-02
7.136976230749892021e-03 7.961931094105438936e-03
