3.406302633022696114e+01 3.456364936589915260e+01
6.835011692597375621e+00 7.088210872585724687e+00
1.942443518738938835e+00 2.061399673244676212e+00
6.579284867865655695e-01 7.271740569105059615e-01
2.486824634784213783e-01 2.878529150594638653e-01
1.029859268845341319e-01 1.249618280396050524e-01
4.455112940548513339e-02 5.966555133154265167e-02
2.089618563391906075e-02 2.844222901213879634e-02
1.064821558807950083e-02 1.511461666659027515e-02
6.485992716305257616e-03 7.961931094105438936e-03
