5.386985460567485973e+01 5.365256000002039372e+01
1.063040488849998866e+01 1.074760200000248567e+01
3.058110136419923908e+00 3.056032000001624560e+00
1.053185033002463245e+00 1.064060799999980933e+00
4.184104734184999619e-01 4.234996142651020756e-01
1.807808072060074767e-01 1.818024857349893886e-01
8.435960264424832711e-02 8.627901177553082279e-02
4.097893140600236683e-02 4.160805822449968605e-02
2.111130744749969285e-02 2.160618180810585515e-02
1.081953085874986717e-02 1.153721719190192382e-02
