5.374854454705067752e+01 5.365256000002039372e+01
1.082054974077502330e+01 1.074760200000248567e+01
3.057199683672671586e+00 3.056032000001624560e+00
1.068033369712512615e+00 1.064060799999980933e+00
4.210816008697614299e-01 4.234996142651020756e-01
1.830863700902642388e-01 1.818024857349893886e-01
8.522237159576329102e-02 8.627901177553082279e-02
4.193495071375034217e-02 4.160805822449968605e-02
2.147817826499997043e-02 2.160618180810585515e-02
1.094711803224999828e-02 1.153721719190192382e-02
