5.332211428476117021e+01 5.365256000002039372e+01
1.064395371520151556e+01 1.074760200000248567e+01
2.972210478303070502e+00 3.056032000001624560e+00
1.022427621694802946e+00 1.064060799999980933e+00
3.957738637390779690e-01 4.234996142651020756e-01
1.682877962609473088e-01 1.818024857349893886e-01
7.631412441076924902e-02 8.627901177553082279e-02
3.637190593350671936e-02 4.160805822449968605e-02
1.792471058550093935e-02 2.160618180810585515e-02
8.718529070249557075e-03 1.153721719190192382e-02
