5.367328242122373894e+01 5.365256000002039372e+01
1.078929198454999216e+01 1.074760200000248567e+01
3.042096721559842454e+00 3.056032000001624560e+00
1.059886912387528524e+00 1.064060799999980933e+00
4.165322831974817563e-01 4.234996142651020756e-01
1.804054641384836566e-01 1.818024857349893886e-01
8.359325978198715867e-02 8.627901177553082279e-02
4.090616942350096263e-02 4.160805822449968605e-02
2.081199480225051288e-02 2.160618180810585515e-02
1.052254336450013893e-02 1.153721719190192382e-02
