5.196909124647444145e+01 5.365256000002039372e+01
1.009231840432498828e+01 1.074760200000248567e+01
2.712548049197489597e+00 3.056032000001624560e+00
8.871945369999979514e-01 1.064060799999980933e+00
3.235197775510202378e-01 4.234996142651020756e-01
1.280522358665073523e-01 1.818024857349893886e-01
5.357846785762046538e-02 8.627901177553082279e-02
2.328094018575064053e-02 4.160805822449968605e-02
1.043539759682471715e-02 2.160618180810585515e-02
4.673550457630085142e-03 1.153721719190192382e-02
