5.316031791979929011e+01 5.365256000002039372e+01
1.034191337922499621e+01 1.074760200000248567e+01
2.917232738859941499e+00 3.056032000001624560e+00
9.793475415924894900e-01 1.064060799999980933e+00
3.776280448417472235e-01 4.234996142651020756e-01
1.574913360144911956e-01 1.818024857349893886e-01
7.050055424375097080e-02 8.627901177553082279e-02
3.247057879074935482e-02 4.160805822449968605e-02
1.581058248222551657e-02 2.160618180810585515e-02
7.635230577275045269e-03 1.153721719190192382e-02
