5.344510888079942390e+01 5.365256000002039372e+01
1.045728993077501201e+01 1.074760200000248567e+01
2.973292980862567436e+00 3.056032000001624560e+00
1.008536153262530100e+00 1.064060799999980933e+00
3.936155292519832871e-01 4.234996142651020756e-01
1.665257348822635208e-01 1.818024857349893886e-01
7.580768626100527208e-02 8.627901177553082279e-02
3.567602563850306996e-02 4.160805822449968605e-02
1.776671612475064221e-02 2.160618180810585515e-02
8.782574332999924099e-03 1.153721719190192382e-02
