5.296927209859658348e+01 5.365256000002039372e+01
1.038162890137415495e+01 1.074760200000248567e+01
2.874335573999587723e+00 3.056032000001624560e+00
9.796944259998837667e-01 1.064060799999980933e+00
3.684938778088720501e-01 4.234996142651020756e-01
1.502558621910243253e-01 1.818024857349893886e-01
6.569735710027525821e-02 8.627901177553082279e-02
3.020344895325114201e-02 4.160805822449968605e-02
1.363923863375077032e-02 2.160618180810585515e-02
6.415225312749865162e-03 1.153721719190192382e-02
