5.288916947947581093e+01 5.365256000002039372e+01
1.045921319242494718e+01 1.074760200000248567e+01
2.884042211704959779e+00 3.056032000001624560e+00
9.739676999849944394e-01 1.064060799999980933e+00
3.704311906762614570e-01 4.234996142651020756e-01
1.524201557345120639e-01 1.818024857349893886e-01
6.708755253074259739e-02 8.627901177553082279e-02
3.054683248107498833e-02 4.160805822449968605e-02
1.452675146930054728e-02 2.160618180810585515e-02
6.717651691849988588e-03 1.153721719190192382e-02
