5.362114721367466075e+01 5.365256000002039372e+01
1.050423062600002311e+01 1.074760200000248567e+01
3.007557596854959492e+00 3.056032000001624560e+00
1.012689343932525299e+00 1.064060799999980933e+00
4.009617968972750690e-01 4.234996142651020756e-01
1.676749721157388406e-01 1.818024857349893886e-01
7.633794393737770856e-02 8.627901177553082279e-02
3.525780555145081874e-02 4.160805822449968605e-02
1.697503153214997493e-02 2.160618180810585515e-02
7.291604136725009060e-03 1.153721719190192382e-02
