5.256401401587444155e+01 5.365256000002039372e+01
1.010226446669997635e+01 1.074760200000248567e+01
2.802104977747493120e+00 3.056032000001624560e+00
9.203177902450082604e-01 1.064060799999980933e+00
3.459310536272505177e-01 4.234996142651020756e-01
1.400350668690091838e-01 1.818024857349893886e-01
6.057821946867767565e-02 8.627901177553082279e-02
2.673387579055117383e-02 4.160805822449968605e-02
1.251113964860034629e-02 2.160618180810585515e-02
5.839347996899941877e-03 1.153721719190192382e-02
