5.373003938032572790e+01 5.365256000002039372e+01
1.057328543867506099e+01 1.074760200000248567e+01
3.030034558967391600e+00 3.056032000001624560e+00
1.038343702662471779e+00 1.064060799999980933e+00
4.101259410547550277e-01 4.234996142651020756e-01
1.759876546064903791e-01 1.818024857349893886e-01
8.146238431324055729e-02 8.627901177553082279e-02
3.916596500324700386e-02 4.160805822449968605e-02
1.995521740149929640e-02 2.160618180810585515e-02
1.010695561925012767e-02 1.153721719190192382e-02
