1.308064635139275197e+03 1.503009761992703034e+03
2.634196907477404466e+02 2.561037563387739624e+02
7.865978022775006195e+01 8.440629214423132964e+01
3.175763963971767367e+01 3.259768230510510278e+01
1.496466220774487077e+01 1.471794279917403614e+01
7.550633381949236167e+00 7.171908016124161733e+00
4.000810966461621376e+00 4.033531768911663207e+00
2.324089597159908038e+00 2.252031856257172393e+00
1.358888177026218447e+00 1.394523284627577464e+00
8.519597546817492262e-01 8.680876759814759591e-01
5.439609132343837805e-01 5.534863302602924806e-01
3.603347402257557341e-01 3.655287840101133501e-01
2.465308006784084904e-01 2.418498655284814225e-01
1.683197800185435578e-01 1.679299484723704716e-01
1.175617313108683337e-01 1.189841618948956348e-01
8.209656728207723186e-02 8.360600864192513360e-02
6.407617997390274711e-02 5.926880395710149019e-02
4.203278845392452445e-02 4.372599936598046272e-02
5.446167468497800646e-02 5.630069324661981373e-02
3.026705191298545081e-02 3.073781291682057409e-02
1.772428545609176440e-02 1.845190772276544128e-02
1.029255614466047589e-02 1.064141908260787285e-02
6.084535027771375768e-03 6.222948611078697040e-03
6.804879008733563141e-03 7.208178872970598568e-03
