5.671121069490100552e+01 6.025916124504477978e+01
1.779770741655949173e+00 2.242268499311587338e+00
6.561338681638122505e-01 9.203466855058058949e-01
2.755281569188689494e-01 4.090608838488947185e-01
1.241573645641319279e-01 1.988822651543102338e-01
6.355759337206787207e-02 1.049164651640468876e-01
4.955119167282619197e-02 6.563602518633181171e-02
4.097748888620402624e-02 3.108287299032102061e-02
3.846357573762999860e-02 1.613989479158531651e-02
4.252305089079277262e-02 8.328116660264504520e-03
6.034017797595710164e-02 4.572348066174525445e-03
1.007724193704340604e-01 2.536903190534919514e-03
1.227347879904061578e+00 3.397998918850408685e-03
