6.068899057650854445e+01 6.025916124504477978e+01
2.231288135029095177e+00 2.242268499311587338e+00
9.155608741738104905e-01 9.203466855058058949e-01
4.117442826443535320e-01 4.090608838488947185e-01
2.021311851388341296e-01 1.988822651543102338e-01
1.038032422668223598e-01 1.049164651640468876e-01
6.563868236883713125e-02 6.563602518633181171e-02
3.149999005126510182e-02 3.108287299032102061e-02
1.626341006313764340e-02 1.613989479158531651e-02
8.467517763245654971e-03 8.328116660264504520e-03
4.515749484665386275e-03 4.572348066174525445e-03
2.567180869576569241e-03 2.536903190534919514e-03
3.674621068486508876e-03 3.397998918850408685e-03
