6.052314332004124964e+01 6.025916124504477978e+01
2.158315099793727043e+00 2.242268499311587338e+00
8.613420013973265288e-01 9.203466855058058949e-01
3.842844601099109081e-01 4.090608838488947185e-01
1.820650371989882832e-01 1.988822651543102338e-01
8.964302493499297364e-02 1.049164651640468876e-01
5.438293978866686612e-02 6.563602518633181171e-02
2.514708428074422311e-02 3.108287299032102061e-02
1.199808522993236169e-02 1.613989479158531651e-02
6.162395505755679723e-03 8.328116660264504520e-03
3.879418325937180820e-03 4.572348066174525445e-03
4.201988428331658587e-03 2.536903190534919514e-03
2.249437425182762851e-01 3.397998918850408685e-03
