6.064444219952493143e+01 6.025916124504477978e+01
2.210417375426165343e+00 2.242268499311587338e+00
8.882640267851134031e-01 9.203466855058058949e-01
3.976708219285257084e-01 4.090608838488947185e-01
1.924303324722465847e-01 1.988822651543102338e-01
1.004810577131762528e-01 1.049164651640468876e-01
6.074027495313962660e-02 6.563602518633181171e-02
2.828703733775940130e-02 3.108287299032102061e-02
1.416290202485472396e-02 1.613989479158531651e-02
7.329693285250498541e-03 8.328116660264504520e-03
3.778123851760951685e-03 4.572348066174525445e-03
2.066933452594307483e-03 2.536903190534919514e-03
2.504702844893870722e-03 3.397998918850408685e-03
