5.819962193884024515e+01 6.025916124504477978e+01
2.083347871047769750e+00 2.242268499311587338e+00
8.049616215789433538e-01 9.203466855058058949e-01
3.492654789048534880e-01 4.090608838488947185e-01
1.635643572020812342e-01 1.988822651543102338e-01
7.695368623834834831e-02 1.049164651640468876e-01
4.614130545779357440e-02 6.563602518633181171e-02
2.074810702610960234e-02 3.108287299032102061e-02
9.968231461480394837e-03 1.613989479158531651e-02
5.198661585042800050e-03 8.328116660264504520e-03
3.343662008484397062e-03 4.572348066174525445e-03
2.633982754855998878e-03 2.536903190534919514e-03
1.219441386438521596e-01 3.397998918850408685e-03
