1.023550403314010168e+03 1.503009761992703034e+03
2.557573749459558883e+02 2.561037563387739624e+02
8.296754693683708126e+01 8.440629214423132964e+01
3.150957972419643838e+01 3.259768230510510278e+01
1.446562738873086218e+01 1.471794279917403614e+01
7.087173567329829282e+00 7.171908016124161733e+00
3.759542856743253836e+00 4.033531768911663207e+00
2.150673841636476791e+00 2.252031856257172393e+00
1.236896396334900228e+00 1.394523284627577464e+00
7.567778501120495660e-01 8.680876759814759591e-01
4.937108095610470704e-01 5.534863302602924806e-01
3.056337275623560723e-01 3.655287840101133501e-01
2.042903711620156770e-01 2.418498655284814225e-01
1.395854951179615611e-01 1.679299484723704716e-01
8.983219210481402373e-02 1.189841618948956348e-01
6.231505545023368481e-02 8.360600864192513360e-02
4.487404057614770986e-02 5.926880395710149019e-02
3.106642075938673836e-02 4.372599936598046272e-02
3.897423793747541165e-02 5.630069324661981373e-02
1.998830092721827489e-02 3.073781291682057409e-02
1.099573506299707411e-02 1.845190772276544128e-02
6.177099253892882544e-03 1.064141908260787285e-02
3.913875205674720997e-03 6.222948611078697040e-03
5.348101396151871793e-03 7.208178872970598568e-03
