1.219213619301643121e+03 1.503009761992703034e+03
2.550085008207959731e+02 2.561037563387739624e+02
7.740172451085817329e+01 8.440629214423132964e+01
3.135121210891158938e+01 3.259768230510510278e+01
1.465677692140534738e+01 1.471794279917403614e+01
7.061221354249367366e+00 7.171908016124161733e+00
3.850138622610881356e+00 4.033531768911663207e+00
2.228226912840119756e+00 2.252031856257172393e+00
1.313556231942113017e+00 1.394523284627577464e+00
7.990949630486419153e-01 8.680876759814759591e-01
5.114894244871696083e-01 5.534863302602924806e-01
3.299145849633731697e-01 3.655287840101133501e-01
2.156261627661928415e-01 2.418498655284814225e-01
1.506500478536707543e-01 1.679299484723704716e-01
9.995808645006881710e-02 1.189841618948956348e-01
7.042327393047546902e-02 8.360600864192513360e-02
4.861639760533091603e-02 5.926880395710149019e-02
3.418893203787060769e-02 4.372599936598046272e-02
4.227565289760623624e-02 5.630069324661981373e-02
2.249425753747644544e-02 3.073781291682057409e-02
1.247328849298757689e-02 1.845190772276544128e-02
7.120193878063881508e-03 1.064141908260787285e-02
4.804808032476328740e-03 6.222948611078697040e-03
1.276050451066680809e-02 7.208178872970598568e-03
