1.024986105040771236e+03 1.503009761992703034e+03
2.567626771765845319e+02 2.561037563387739624e+02
8.352539018602954002e+01 8.440629214423132964e+01
3.185398555960361122e+01 3.259768230510510278e+01
1.469276718694275274e+01 1.471794279917403614e+01
7.241738697245400758e+00 7.171908016124161733e+00
3.862447736259254416e+00 4.033531768911663207e+00
2.226497591822881539e+00 2.252031856257172393e+00
1.289983361270523599e+00 1.394523284627577464e+00
7.959121458536816407e-01 8.680876759814759591e-01
5.233491262396854360e-01 5.534863302602924806e-01
3.276678142819238193e-01 3.655287840101133501e-01
2.208108610268333383e-01 2.418498655284814225e-01
1.532189792725404398e-01 1.679299484723704716e-01
9.936296575934752684e-02 1.189841618948956348e-01
6.959214280443781764e-02 8.360600864192513360e-02
5.094265949532217341e-02 5.926880395710149019e-02
3.559202170315745734e-02 4.372599936598046272e-02
4.515952063474013012e-02 5.630069324661981373e-02
2.360604920890574041e-02 3.073781291682057409e-02
1.288821796443193925e-02 1.845190772276544128e-02
7.006317254962647102e-03 1.064141908260787285e-02
4.066033238219098241e-03 6.222948611078697040e-03
4.344672050969449958e-03 7.208178872970598568e-03
