1.216367707153918900e+03 1.503009761992703034e+03
2.585234043733912586e+02 2.561037563387739624e+02
7.787131686046041068e+01 8.440629214423132964e+01
3.211844985678280295e+01 3.259768230510510278e+01
1.474953868326207740e+01 1.471794279917403614e+01
7.238200202595734822e+00 7.171908016124161733e+00
3.961558949417919084e+00 4.033531768911663207e+00
2.257629113043889468e+00 2.252031856257172393e+00
1.348753376690206673e+00 1.394523284627577464e+00
8.553615867720639754e-01 8.680876759814759591e-01
5.459109309670504562e-01 5.534863302602924806e-01
3.567224140129232057e-01 3.655287840101133501e-01
2.398507697728988475e-01 2.418498655284814225e-01
1.631555812110693782e-01 1.679299484723704716e-01
1.136262875756845619e-01 1.189841618948956348e-01
8.090687562223106144e-02 8.360600864192513360e-02
5.497410128457800443e-02 5.926880395710149019e-02
4.092923429419953463e-02 4.372599936598046272e-02
5.279288505871901349e-02 5.630069324661981373e-02
2.909122600826239205e-02 3.073781291682057409e-02
1.650302851747222771e-02 1.845190772276544128e-02
9.436997425182792540e-03 1.064141908260787285e-02
5.534157090544209769e-03 6.222948611078697040e-03
6.098431871945930900e-03 7.208178872970598568e-03
