1.315968343430807408e+03 1.503009761992703034e+03
2.546061399052892682e+02 2.561037563387739624e+02
7.968646247886792366e+01 8.440629214423132964e+01
3.250769530036127719e+01 3.259768230510510278e+01
1.470964609449920957e+01 1.471794279917403614e+01
7.271391095715440400e+00 7.171908016124161733e+00
4.035162006573774107e+00 4.033531768911663207e+00
2.260293094979102690e+00 2.252031856257172393e+00
1.352316005788801290e+00 1.394523284627577464e+00
8.559314238366684258e-01 8.680876759814759591e-01
5.419491343724464061e-01 5.534863302602924806e-01
3.579307220778293885e-01 3.655287840101133501e-01
2.446738519997210815e-01 2.418498655284814225e-01
1.639260397680098180e-01 1.679299484723704716e-01
1.125949918634217284e-01 1.189841618948956348e-01
8.358712412412411252e-02 8.360600864192513360e-02
5.753179447893484733e-02 5.926880395710149019e-02
4.225086999487835671e-02 4.372599936598046272e-02
5.448545842967994490e-02 5.630069324661981373e-02
2.940414784830126457e-02 3.073781291682057409e-02
1.649995982843897868e-02 1.845190772276544128e-02
9.853705550430535282e-03 1.064141908260787285e-02
5.960350827448004755e-03 6.222948611078697040e-03
6.511549070159805205e-03 7.208178872970598568e-03
