1.407641624434261303e+03 1.503009761992703034e+03
2.559900997331647545e+02 2.561037563387739624e+02
7.919176455285506222e+01 8.440629214423132964e+01
3.231034284473597040e+01 3.259768230510510278e+01
1.473784140213392568e+01 1.471794279917403614e+01
7.294342104911365254e+00 7.171908016124161733e+00
3.951960651521260637e+00 4.033531768911663207e+00
2.367840862669627899e+00 2.252031856257172393e+00
1.404015404209997930e+00 1.394523284627577464e+00
8.624765293966256685e-01 8.680876759814759591e-01
5.494057453779482847e-01 5.534863302602924806e-01
3.624530709132985362e-01 3.655287840101133501e-01
2.467105620636724228e-01 2.418498655284814225e-01
1.716950255534695491e-01 1.679299484723704716e-01
1.191113290114115542e-01 1.189841618948956348e-01
8.418604518580009854e-02 8.360600864192513360e-02
6.112534240009148689e-02 5.926880395710149019e-02
4.350396309855097260e-02 4.372599936598046272e-02
5.705130936410547637e-02 5.630069324661981373e-02
3.114205180332347764e-02 3.073781291682057409e-02
1.750515197036300874e-02 1.845190772276544128e-02
1.056398244229799117e-02 1.064141908260787285e-02
6.361201376940490461e-03 6.222948611078697040e-03
7.247318703834512363e-03 7.208178872970598568e-03
