1.315220935464345985e+03 1.503009761992703034e+03
2.541638194615722171e+02 2.561037563387739624e+02
7.943592330821581982e+01 8.440629214423132964e+01
3.235188775884648038e+01 3.259768230510510278e+01
1.461320530646454330e+01 1.471794279917403614e+01
7.202712883535705934e+00 7.171908016124161733e+00
3.988489375677960247e+00 4.033531768911663207e+00
2.226585566383148418e+00 2.252031856257172393e+00
1.327842200506273107e+00 1.394523284627577464e+00
8.373796453156150399e-01 8.680876759814759591e-01
5.278618832189242438e-01 5.534863302602924806e-01
3.476403061824812069e-01 3.655287840101133501e-01
2.358893691390545611e-01 2.418498655284814225e-01
1.574816504346694679e-01 1.679299484723704716e-01
1.074588329676724463e-01 1.189841618948956348e-01
7.925139543542278342e-02 8.360600864192513360e-02
5.417551548842693132e-02 5.926880395710149019e-02
3.959559379321320877e-02 4.372599936598046272e-02
5.055113568058289958e-02 5.630069324661981373e-02
2.686342627267616565e-02 3.073781291682057409e-02
1.482423687858250468e-02 1.845190772276544128e-02
8.694409890521689541e-03 1.064141908260787285e-02
5.154562848779109183e-03 6.222948611078697040e-03
5.454591366000755698e-03 7.208178872970598568e-03
