1.407627385006764598e+03 1.503009761992703034e+03
2.559825695687320604e+02 2.561037563387739624e+02
7.918766940017788158e+01 8.440629214423132964e+01
3.230779520557474171e+01 3.259768230510510278e+01
1.473621617100130621e+01 1.471794279917403614e+01
7.293218253866494472e+00 7.171908016124161733e+00
3.951198491335995211e+00 4.033531768911663207e+00
2.367262563400894582e+00 2.252031856257172393e+00
1.403592590924561900e+00 1.394523284627577464e+00
8.621565921697392776e-01 8.680876759814759591e-01
5.491689462318181114e-01 5.534863302602924806e-01
3.622710053283860754e-01 3.655287840101133501e-01
2.465647888981132851e-01 2.418498655284814225e-01
1.715816477989554889e-01 1.679299484723704716e-01
1.190207150385142187e-01 1.189841618948956348e-01
8.411181138423064196e-02 8.360600864192513360e-02
6.106643406694047677e-02 5.926880395710149019e-02
4.345634441202102932e-02 4.372599936598046272e-02
5.697834916806793215e-02 5.630069324661981373e-02
3.109337668809251248e-02 3.073781291682057409e-02
1.747309997992203129e-02 1.845190772276544128e-02
1.054154254784549390e-02 1.064141908260787285e-02
6.345067379426984865e-03 6.222948611078697040e-03
7.224866641027028261e-03 7.208178872970598568e-03
