1.407470797003666576e+03 1.503009761992703034e+03
2.558997759991308385e+02 2.561037563387739624e+02
7.914264958773443936e+01 8.440629214423132964e+01
3.227979343240391330e+01 3.259768230510510278e+01
1.471835718984158703e+01 1.471794279917403614e+01
7.280872357230213865e+00 7.171908016124161733e+00
3.942828699017296046e+00 4.033531768911663207e+00
2.360914246485887880e+00 2.252031856257172393e+00
1.398953113957884131e+00 1.394523284627577464e+00
8.586475208270586412e-01 8.680876759814759591e-01
5.465730741211022314e-01 5.534863302602924806e-01
3.602761981775893241e-01 3.655287840101133501e-01
2.449685870236736063e-01 2.418498655284814225e-01
1.703409489320645565e-01 1.679299484723704716e-01
1.180298041852569230e-01 1.189841618948956348e-01
8.330062090358301974e-02 8.360600864192513360e-02
6.042316156301051622e-02 5.926880395710149019e-02
4.293679313862196201e-02 4.372599936598046272e-02
5.618335162099256930e-02 5.630069324661981373e-02
3.056401527777196162e-02 3.073781291682057409e-02
1.712527423887746231e-02 1.845190772276544128e-02
1.029857820688754103e-02 1.064141908260787285e-02
6.170843266869500097e-03 6.222948611078697040e-03
6.983517813840022133e-03 7.208178872970598568e-03
