1.307292758337175201e+03 1.503009761992703034e+03
2.628895394255397946e+02 2.561037563387739624e+02
7.837263085501835747e+01 8.440629214423132964e+01
3.158320725016899999e+01 3.259768230510510278e+01
1.484762017047961535e+01 1.471794279917403614e+01
7.471561114770428169e+00 7.171908016124161733e+00
3.945410163864076836e+00 4.033531768911663207e+00
2.283947883923441058e+00 2.252031856257172393e+00
1.330154600910383955e+00 1.394523284627577464e+00
8.299581308815452418e-01 8.680876759814759591e-01
5.271353978208056512e-01 5.534863302602924806e-01
3.477239266449733135e-01 3.655287840101133501e-01
2.364709158489513297e-01 2.418498655284814225e-01
1.604918738871323469e-01 1.679299484723704716e-01
1.115100539237808275e-01 1.189841618948956348e-01
7.717222703100895531e-02 8.360600864192513360e-02
5.963679546858598191e-02 5.926880395710149019e-02
3.886083044478850362e-02 4.372599936598046272e-02
4.956055123382310801e-02 5.630069324661981373e-02
2.712552353399147465e-02 3.073781291682057409e-02
1.548589079354502698e-02 1.845190772276544128e-02
8.796306519134770158e-03 1.064141908260787285e-02
5.059158992250492939e-03 6.222948611078697040e-03
5.313848287230521841e-03 7.208178872970598568e-03
