6.106477391561171686e+01 6.025916124504477978e+01
2.256861323358047233e+00 2.242268499311587338e+00
9.148820803869535112e-01 9.203466855058058949e-01
4.137101693030709737e-01 4.090608838488947185e-01
2.026118378458176827e-01 1.988822651543102338e-01
1.070639730921329469e-01 1.049164651640468876e-01
6.586750461773742404e-02 6.563602518633181171e-02
3.136703105909760536e-02 3.108287299032102061e-02
1.608923312755380225e-02 1.613989479158531651e-02
8.579042391381994787e-03 8.328116660264504520e-03
4.554524433432395776e-03 4.572348066174525445e-03
2.575860176409400237e-03 2.536903190534919514e-03
3.413722135323813463e-03 3.397998918850408685e-03
