1.407243373141124039e+03 1.503009761992703034e+03
2.557795400011223990e+02 2.561037563387739624e+02
7.907729323883459926e+01 8.440629214423132964e+01
3.223916065813323684e+01 3.259768230510510278e+01
1.469245636396913568e+01 1.471794279917403614e+01
7.262979041231771404e+00 7.171908016124161733e+00
3.930707222347973762e+00 4.033531768911663207e+00
2.351728088165021990e+00 2.252031856257172393e+00
1.392246207196444319e+00 1.394523284627577464e+00
8.535798907109545253e-01 8.680876759814759591e-01
5.428286496042444842e-01 5.534863302602924806e-01
3.574022628066768625e-01 3.655287840101133501e-01
2.426720929733851562e-01 2.418498655284814225e-01
1.685584850922621503e-01 1.679299484723704716e-01
1.166084489518531275e-01 1.189841618948956348e-01
8.213901450052904507e-02 8.360600864192513360e-02
5.950349014837362505e-02 5.926880395710149019e-02
4.219545390042700461e-02 4.372599936598046272e-02
5.505243773841859284e-02 5.630069324661981373e-02
2.981434498293796323e-02 3.073781291682057409e-02
1.663518532007318002e-02 1.845190772276544128e-02
9.958071417029494901e-03 1.064141908260787285e-02
5.928218492462110009e-03 6.222948611078697040e-03
6.651090394715555507e-03 7.208178872970598568e-03
