6.129096877364157336e+01 6.025916124504477978e+01
2.243994898253336423e+00 2.242268499311587338e+00
9.125996235074601559e-01 9.203466855058058949e-01
4.156804103868768641e-01 4.090608838488947185e-01
2.027068498343902736e-01 1.988822651543102338e-01
1.032971845909766151e-01 1.049164651640468876e-01
6.518702636509915438e-02 6.563602518633181171e-02
3.230473278813234678e-02 3.108287299032102061e-02
1.589245590957421086e-02 1.613989479158531651e-02
8.312453307503632829e-03 8.328116660264504520e-03
4.519628212287357324e-03 4.572348066174525445e-03
2.523252527173695890e-03 2.536903190534919514e-03
6.864321602140574866e-03 3.397998918850408685e-03
