1.315540406252496723e+03 1.503009761992703034e+03
2.561763895900237458e+02 2.561037563387739624e+02
8.013681890845252553e+01 8.440629214423132964e+01
3.262538743935555630e+01 3.259768230510510278e+01
1.462708835569861243e+01 1.471794279917403614e+01
7.422050765475154854e+00 7.171908016124161733e+00
3.965413040821665902e+00 4.033531768911663207e+00
2.278689151055913076e+00 2.252031856257172393e+00
1.394459965391027678e+00 1.394523284627577464e+00
8.655522785415973308e-01 8.680876759814759591e-01
5.518435953674282191e-01 5.534863302602924806e-01
3.618372039826860398e-01 3.655287840101133501e-01
2.538425029065481953e-01 2.418498655284814225e-01
1.696965311208910310e-01 1.679299484723704716e-01
1.167652228529985625e-01 1.189841618948956348e-01
8.478128957457371773e-02 8.360600864192513360e-02
5.937461596161500155e-02 5.926880395710149019e-02
4.264287455325702081e-02 4.372599936598046272e-02
5.619998912134101937e-02 5.630069324661981373e-02
3.109910994879708582e-02 3.073781291682057409e-02
1.807213154831579724e-02 1.845190772276544128e-02
1.057893646853164810e-02 1.064141908260787285e-02
6.255930920695327094e-03 6.222948611078697040e-03
7.153686073041318899e-03 7.208178872970598568e-03
