1.307577719133088294e+03 1.503009761992703034e+03
2.630852269431470631e+02 2.561037563387739624e+02
7.847856001031574635e+01 8.440629214423132964e+01
3.164750566663802545e+01 3.259768230510510278e+01
1.489072399689555048e+01 1.471794279917403614e+01
7.500649141423095578e+00 7.171908016124161733e+00
3.965764117062856808e+00 4.033531768911663207e+00
2.298673568549169932e+00 2.252031856257172393e+00
1.340677799071548160e+00 1.394523284627577464e+00
8.380014419088220867e-01 8.680876759814759591e-01
5.332737325480397805e-01 5.534863302602924806e-01
3.523146996645092344e-01 3.655287840101133501e-01
2.401235570306634870e-01 2.418498655284814225e-01
1.633267703200122767e-01 1.679299484723704716e-01
1.136947132475998185e-01 1.189841618948956348e-01
7.894395082764106564e-02 8.360600864192513360e-02
6.122840283141892798e-02 5.926880395710149019e-02
3.999317042704986919e-02 4.372599936598046272e-02
5.129990242932384870e-02 5.630069324661981373e-02
2.822921462322736455e-02 3.073781291682057409e-02
1.626263853580948646e-02 1.845190772276544128e-02
9.307880765929121489e-03 1.064141908260787285e-02
5.403317792099836606e-03 6.222948611078697040e-03
5.794911317180483079e-03 7.208178872970598568e-03
