1.312295027207091152e+03 1.503009761992703034e+03
2.578594791891049454e+02 2.561037563387739624e+02
8.046032744267701275e+01 8.440629214423132964e+01
3.229591397465488001e+01 3.259768230510510278e+01
1.434301406160964376e+01 1.471794279917403614e+01
7.388666200272668405e+00 7.171908016124161733e+00
3.972053070052291357e+00 4.033531768911663207e+00
2.218373620419447967e+00 2.252031856257172393e+00
1.371095168176486023e+00 1.394523284627577464e+00
8.325397284211741855e-01 8.680876759814759591e-01
5.477728961082845016e-01 5.534863302602924806e-01
3.416276895750898213e-01 3.655287840101133501e-01
2.385565020541396408e-01 2.418498655284814225e-01
1.622749067310012283e-01 1.679299484723704716e-01
1.100157840245347407e-01 1.189841618948956348e-01
7.612172609246499466e-02 8.360600864192513360e-02
5.400387328840996343e-02 5.926880395710149019e-02
3.899152215363496654e-02 4.372599936598046272e-02
5.066141928729823996e-02 5.630069324661981373e-02
2.780263265410519088e-02 3.073781291682057409e-02
1.507393730722115903e-02 1.845190772276544128e-02
8.661229581412663997e-03 1.064141908260787285e-02
4.995686934264501750e-03 6.222948611078697040e-03
5.291610090752682689e-03 7.208178872970598568e-03
