6.095003891570849675e+01 6.025916124504477978e+01
2.244109598507551429e+00 2.242268499311587338e+00
9.075443199730093280e-01 9.203466855058058949e-01
4.092677008712005682e-01 4.090608838488947185e-01
1.997761746356242762e-01 1.988822651543102338e-01
1.052187561312291353e-01 1.049164651640468876e-01
6.441887738852544731e-02 6.563602518633181171e-02
3.048748650597280993e-02 3.108287299032102061e-02
1.553229364949400629e-02 1.613989479158531651e-02
8.212764830768598881e-03 8.328116660264504520e-03
4.323103405452203944e-03 4.572348066174525445e-03
2.421372844262599695e-03 2.536903190534919514e-03
3.110176438643818403e-03 3.397998918850408685e-03
