1.407581817198472208e+03 1.503009761992703034e+03
2.559584768169204949e+02 2.561037563387739624e+02
7.917456733542312008e+01 8.440629214423132964e+01
3.229964479113387910e+01 3.259768230510510278e+01
1.473101718821183148e+01 1.471794279917403614e+01
7.289623513780620456e+00 7.171908016124161733e+00
3.948760941726221940e+00 4.033531768911663207e+00
2.365413284813194572e+00 2.252031856257172393e+00
1.402240724807792827e+00 1.394523284627577464e+00
8.611338099544988411e-01 8.680876759814759591e-01
5.484120778174279565e-01 5.534863302602924806e-01
3.616891861757525750e-01 3.655287840101133501e-01
2.460990467764209710e-01 2.418498655284814225e-01
1.712194870859254647e-01 1.679299484723704716e-01
1.187313378107675566e-01 1.189841618948956348e-01
8.387480505017749777e-02 8.360600864192513360e-02
6.087840304350594645e-02 5.926880395710149019e-02
4.330439380493903562e-02 4.372599936598046272e-02
5.674564066710507254e-02 5.630069324661981373e-02
3.093822980142704043e-02 3.073781291682057409e-02
1.737101410535147467e-02 1.845190772276544128e-02
1.047012745162497274e-02 1.064141908260787285e-02
6.293768074359495923e-03 6.222948611078697040e-03
7.153590645169526779e-03 7.208178872970598568e-03
