5.975071968508066789e+01 6.025916124504477978e+01
2.199290096017830543e+00 2.242268499311587338e+00
8.961740903419038728e-01 9.203466855058058949e-01
3.993652538801292784e-01 4.090608838488947185e-01
1.940984277040536943e-01 1.988822651543102338e-01
1.005108289466266902e-01 1.049164651640468876e-01
6.134051072997319387e-02 6.563602518633181171e-02
2.987810935986185204e-02 3.108287299032102061e-02
1.473313921693572212e-02 1.613989479158531651e-02
7.654143260358139966e-03 8.328116660264504520e-03
4.015135082750938451e-03 4.572348066174525445e-03
2.161182906221985681e-03 2.536903190534919514e-03
2.828366620529054049e-03 3.397998918850408685e-03
