1.216896767865514221e+03 1.503009761992703034e+03
2.589056015482310045e+02 2.561037563387739624e+02
7.807801313852192493e+01 8.440629214423132964e+01
3.224795791330265615e+01 3.259768230510510278e+01
1.483255537879384889e+01 1.471794279917403614e+01
7.293772562542197413e+00 7.171908016124161733e+00
3.999288613471279952e+00 4.033531768911663207e+00
2.286971201160020950e+00 2.252031856257172393e+00
1.369613179811988379e+00 1.394523284627577464e+00
8.726918703067949590e-01 8.680876759814759591e-01
5.584525746631217036e-01 5.534863302602924806e-01
3.657881759060439553e-01 3.655287840101133501e-01
2.471869690283544641e-01 2.418498655284814225e-01
1.688914315739439009e-01 1.679299484723704716e-01
1.181747631303249751e-01 1.189841618948956348e-01
8.482096000844630002e-02 8.360600864192513360e-02
5.772749401963796906e-02 5.926880395710149019e-02
4.317259517145961151e-02 4.372599936598046272e-02
5.631796413296562276e-02 5.630069324661981373e-02
3.151310427974161887e-02 3.073781291682057409e-02
1.814949162641048969e-02 1.845190772276544128e-02
1.056354918456549850e-02 1.064141908260787285e-02
6.311077117253018065e-03 6.222948611078697040e-03
7.180229448972949742e-03 7.208178872970598568e-03
