1.309712636094323443e+03 1.503009761992703034e+03
2.550028933121610635e+02 2.561037563387739624e+02
7.883281036311515777e+01 8.440629214423132964e+01
3.133032962589986425e+01 3.259768230510510278e+01
1.375393166013701318e+01 1.471794279917403614e+01
6.979312773262277503e+00 7.171908016124161733e+00
3.685974941549089223e+00 4.033531768911663207e+00
2.021090338105130169e+00 2.252031856257172393e+00
1.216374517111106224e+00 1.394523284627577464e+00
7.211877195897605786e-01 8.680876759814759591e-01
4.633188022845768916e-01 5.534863302602924806e-01
2.819535820115582903e-01 3.655287840101133501e-01
1.891772005978957505e-01 2.418498655284814225e-01
1.262609180255407915e-01 1.679299484723704716e-01
8.353730495071702566e-02 1.189841618948956348e-01
5.521250826501897940e-02 8.360600864192513360e-02
3.762064091878401795e-02 5.926880395710149019e-02
2.752369068126749377e-02 4.372599936598046272e-02
3.479084912836842569e-02 5.630069324661981373e-02
1.892737932605649889e-02 3.073781291682057409e-02
1.162717908846852034e-02 1.845190772276544128e-02
8.297393235364975903e-03 1.064141908260787285e-02
6.721964969416993271e-03 6.222948611078697040e-03
1.640717568877052626e-02 7.208178872970598568e-03
