6.125404891502436300e+01 6.025916124504477978e+01
2.239813226022444148e+00 2.242268499311587338e+00
9.100650866798979388e-01 9.203466855058058949e-01
4.141022154026087199e-01 4.090608838488947185e-01
2.016592732795581266e-01 1.988822651543102338e-01
1.025817839630606271e-01 1.049164651640468876e-01
6.459474609457638294e-02 6.563602518633181171e-02
3.188552579317660562e-02 3.108287299032102061e-02
1.564622929932799056e-02 1.613989479158531651e-02
8.136944427048521666e-03 8.328116660264504520e-03
4.405724658484203547e-03 4.572348066174525445e-03
2.464574101327800075e-03 2.536903190534919514e-03
1.741792215112129491e-02 3.397998918850408685e-03
