6.088139361788374515e+01 6.025916124504477978e+01
2.236506747251542304e+00 2.242268499311587338e+00
9.031798141444298267e-01 9.203466855058058949e-01
4.066326888988239241e-01 4.090608838488947185e-01
1.980997159817033393e-01 1.988822651543102338e-01
1.041319701285507715e-01 1.049164651640468876e-01
6.356963819402110250e-02 6.563602518633181171e-02
2.997507406956586087e-02 3.108287299032102061e-02
1.521015474922070634e-02 1.613989479158531651e-02
8.002608878812138976e-03 8.328116660264504520e-03
4.191582178045548911e-03 4.572348066174525445e-03
2.334484654348418283e-03 2.536903190534919514e-03
2.948329612233452704e-03 3.397998918850408685e-03
