1.316389849681382657e+03 1.503009761992703034e+03
2.548554997915524325e+02 2.561037563387739624e+02
7.982786829636745551e+01 8.440629214423132964e+01
3.259577561617383878e+01 3.259768230510510278e+01
1.476426865573776759e+01 1.471794279917403614e+01
7.310382620993307157e+00 7.171908016124161733e+00
4.061731304950108701e+00 4.033531768911663207e+00
2.279540868264139153e+00 2.252031856257172393e+00
1.366337988323754526e+00 1.394523284627577464e+00
8.666015369859126904e-01 8.680876759814759591e-01
5.500848001570043388e-01 5.534863302602924806e-01
3.639004766749888709e-01 3.655287840101133501e-01
2.497955732800819784e-01 2.418498655284814225e-01
1.677030267715800271e-01 1.679299484723704716e-01
1.156238774944525483e-01 1.189841618948956348e-01
8.616048807079904059e-02 8.360600864192513360e-02
5.953774232148943690e-02 5.926880395710149019e-02
4.384937583766654323e-02 4.372599936598046272e-02
5.688080241737648174e-02 5.630069324661981373e-02
3.097816595855652430e-02 3.073781291682057409e-02
1.755948538717396964e-02 1.845190772276544128e-02
1.060418389235201313e-02 1.064141908260787285e-02
6.495325507627507447e-03 6.222948611078697040e-03
7.250426703159490623e-03 7.208178872970598568e-03
