1.026323549248172185e+03 1.503009761992703034e+03
2.577005561486237752e+02 2.561037563387739624e+02
8.404779132909358452e+01 8.440629214423132964e+01
3.217801310684374982e+01 3.259768230510510278e+01
1.490771795703149394e+01 1.471794279917403614e+01
7.389074791554220312e+00 7.171908016124161733e+00
3.961390851698106896e+00 4.033531768911663207e+00
2.300116738355843626e+00 2.252031856257172393e+00
1.342112043017237966e+00 1.394523284627577464e+00
8.348179121062806463e-01 8.680876759814759591e-01
5.532595316666937268e-01 5.534863302602924806e-01
3.502851846863088703e-01 3.655287840101133501e-01
2.380953309447492727e-01 2.418498655284814225e-01
1.678058938902507180e-01 1.679299484723704716e-01
1.098217721468236624e-01 1.189841618948956348e-01
7.782215502356305825e-02 8.360600864192513360e-02
5.803598913998454789e-02 5.926880395710149019e-02
4.108361275973587690e-02 4.372599936598046272e-02
5.322400509799843360e-02 5.630069324661981373e-02
2.902991437553464546e-02 3.073781291682057409e-02
1.637066794418136351e-02 1.845190772276544128e-02
9.260923117374577837e-03 1.064141908260787285e-02
5.437413447056303750e-03 6.222948611078697040e-03
5.897769589833378075e-03 7.208178872970598568e-03
