1.306769999193413923e+03 1.503009761992703034e+03
2.625306083942039095e+02 2.561037563387739624e+02
7.817852385610370902e+01 8.440629214423132964e+01
3.146553723394040958e+01 3.259768230510510278e+01
1.476885933056084710e+01 1.471794279917403614e+01
7.418510310575307187e+00 7.171908016124161733e+00
3.908369100728322110e+00 4.033531768911663207e+00
2.257217919410211326e+00 2.252031856257172393e+00
1.311107065147129269e+00 1.394523284627577464e+00
8.154440404256221298e-01 8.680876759814759591e-01
5.160983473408070621e-01 5.534863302602924806e-01
3.395003149650630547e-01 3.655287840101133501e-01
2.299574406242043123e-01 2.418498655284814225e-01
1.554595293230635056e-01 1.679299484723704716e-01
1.076538389261512824e-01 1.189841618948956348e-01
7.406352008941882725e-02 8.360600864192513360e-02
5.686211360046594665e-02 5.926880395710149019e-02
3.690214396991009504e-02 4.372599936598046272e-02
4.658459711733595882e-02 5.630069324661981373e-02
2.527296961362090338e-02 3.073781291682057409e-02
1.421328830674796831e-02 1.845190772276544128e-02
7.983188419354832546e-03 1.064141908260787285e-02
4.533273284251206764e-03 6.222948611078697040e-03
4.644539211597153473e-03 7.208178872970598568e-03
