1.406521586697547264e+03 1.503009761992703034e+03
2.553978900598670805e+02 2.561037563387739624e+02
7.887001049707471623e+01 8.440629214423132964e+01
3.211043115356637401e+01 3.259768230510510278e+01
1.461050985707272964e+01 1.471794279917403614e+01
7.206461373887122157e+00 7.171908016124161733e+00
3.892493275504528949e+00 4.033531768911663207e+00
2.322829615172892215e+00 2.252031856257172393e+00
1.371199281778284318e+00 1.394523284627577464e+00
8.377183290252140369e-01 8.680876759814759591e-01
5.311440117514110160e-01 5.534863302602924806e-01
3.484619572070584703e-01 3.655287840101133501e-01
2.355535472741620562e-01 2.418498655284814225e-01
1.630538940611707677e-01 1.679299484723704716e-01
1.122371457968222574e-01 1.189841618948956348e-01
7.858236136826510232e-02 8.360600864192513360e-02
5.669957380173749895e-02 5.926880395710149019e-02
3.994698666549937466e-02 4.372599936598046272e-02
5.165042018088179809e-02 5.630069324661981373e-02
2.758657146438911814e-02 3.073781291682057409e-02
1.519918183869142618e-02 1.845190772276544128e-02
8.975397588119722603e-03 1.064141908260787285e-02
5.240772196908540133e-03 6.222948611078697040e-03
5.739718909397075429e-03 7.208178872970598568e-03
