1.216867118646758172e+03 1.503009761992703034e+03
2.588841808927124362e+02 2.561037563387739624e+02
7.806642098178933509e+01 8.440629214423132964e+01
3.224068881841429857e+01 3.259768230510510278e+01
1.482789131373147562e+01 1.471794279917403614e+01
7.290646630544290296e+00 7.171908016124161733e+00
3.997163510144363663e+00 4.033531768911663207e+00
2.285315920407011703e+00 2.252031856257172393e+00
1.368434424447492637e+00 1.394523284627577464e+00
8.717107324603062812e-01 8.680876759814759591e-01
5.577410938205117352e-01 5.534863302602924806e-01
3.652727410491133364e-01 3.655287840101133501e-01
2.467688016467564360e-01 2.418498655284814225e-01
1.685636332511221691e-01 1.679299484723704716e-01
1.179140984211913545e-01 1.189841618948956348e-01
8.459591251214945706e-02 8.360600864192513360e-02
5.756866088272696164e-02 5.926880395710149019e-02
4.304275489427179108e-02 4.372599936598046272e-02
5.611277131627045306e-02 5.630069324661981373e-02
3.137097138881638630e-02 3.073781291682057409e-02
1.805192653768547886e-02 1.845190772276544128e-02
1.049605475969946078e-02 1.064141908260787285e-02
6.263989696515007317e-03 6.222948611078697040e-03
7.113176321186683720e-03 7.208178872970598568e-03
