1.308201176723706567e+03 1.503009761992703034e+03
2.635135052289369355e+02 2.561037563387739624e+02
7.871064961542835192e+01 8.440629214423132964e+01
3.178858502390098195e+01 3.259768230510510278e+01
1.498546150255797293e+01 1.471794279917403614e+01
7.564714028753977360e+00 7.171908016124161733e+00
4.010699664363283290e+00 4.033531768911663207e+00
2.331274376811748539e+00 2.252031856257172393e+00
1.364046633602796099e+00 1.394523284627577464e+00
8.559224797250646333e-01 8.680876759814759591e-01
5.470026698419059308e-01 5.534863302602924806e-01
3.626234114829217647e-01 3.655287840101133501e-01
2.483649454765972098e-01 2.418498655284814225e-01
1.697535623592290044e-01 1.679299484723704716e-01
1.186763243067915224e-01 1.189841618948956348e-01
8.300889719570239689e-02 8.360600864192513360e-02
6.490371094434460586e-02 5.926880395710149019e-02
4.262837816966196652e-02 4.372599936598046272e-02
5.539105004222583117e-02 5.630069324661981373e-02
3.087280310185100060e-02 3.073781291682057409e-02
1.816447118008332820e-02 1.845190772276544128e-02
1.059367846478813033e-02 1.064141908260787285e-02
6.296564336457526057e-03 6.222948611078697040e-03
7.130381732342479066e-03 7.208178872970598568e-03
