1.312764604755013579e+03 1.503009761992703034e+03
2.583783595829198134e+02 2.561037563387739624e+02
8.075780218868044358e+01 8.440629214423132964e+01
3.247382933750504463e+01 3.259768230510510278e+01
1.445268895763279815e+01 1.471794279917403614e+01
7.465804141021645357e+00 7.171908016124161733e+00
4.026694462623304105e+00 4.033531768911663207e+00
2.256713543167226721e+00 2.252031856257172393e+00
1.401738949471723394e+00 1.394523284627577464e+00
8.550868699983218413e-01 8.680876759814759591e-01
5.653082672287340626e-01 5.534863302602924806e-01
3.543940646474175726e-01 3.655287840101133501e-01
2.494732925341849872e-01 2.418498655284814225e-01
1.705770525889355460e-01 1.679299484723704716e-01
1.163493321779179995e-01 1.189841618948956348e-01
8.140658056851246549e-02 8.360600864192513360e-02
5.840112788857527992e-02 5.926880395710149019e-02
4.228796613873041232e-02 4.372599936598046272e-02
5.587686714776679553e-02 5.630069324661981373e-02
3.165232003372703273e-02 3.073781291682057409e-02
1.751252888762439355e-02 1.845190772276544128e-02
1.038954592567311631e-02 1.064141908260787285e-02
6.262933824210599118e-03 6.222948611078697040e-03
7.207421167586710448e-03 7.208178872970598568e-03
