1.308220681478952429e+03 1.503009761992703034e+03
2.635269122876431425e+02 2.561037563387739624e+02
7.871792050799000151e+01 8.440629214423132964e+01
3.179300932285983805e+01 3.259768230510510278e+01
1.498843606028238007e+01 1.471794279917403614e+01
7.566728438717094107e+00 7.171908016124161733e+00
4.012114929573845856e+00 4.033531768911663207e+00
2.332303138664233000e+00 2.252031856257172393e+00
1.364785628034895115e+00 1.394523284627577464e+00
8.564904869118876718e-01 8.680876759814759591e-01
5.474389470211871167e-01 5.534863302602924806e-01
3.629518776490700538e-01 3.655287840101133501e-01
2.486283712274362512e-01 2.418498655284814225e-01
1.699596502866369818e-01 1.679299484723704716e-01
1.188366811640092502e-01 1.189841618948956348e-01
8.314027726503360471e-02 8.360600864192513360e-02
6.502301059335532929e-02 5.926880395710149019e-02
4.271433167500535838e-02 4.372599936598046272e-02
5.552539671388988934e-02 5.630069324661981373e-02
3.096059744441347072e-02 3.073781291682057409e-02
1.822846667692657949e-02 1.845190772276544128e-02
1.063761476349523588e-02 1.064141908260787285e-02
6.327620992318045388e-03 6.222948611078697040e-03
7.178398020039920141e-03 7.208178872970598568e-03
