1.310825556963003919e+03 1.503009761992703034e+03
2.591646125095758180e+02 2.561037563387739624e+02
8.042348231241463452e+01 8.440629214423132964e+01
3.302214924714184008e+01 3.259768230510510278e+01
1.487801762094706604e+01 1.471794279917403614e+01
7.286245517528194604e+00 7.171908016124161733e+00
4.046828800102445278e+00 4.033531768911663207e+00
2.264013691377145587e+00 2.252031856257172393e+00
1.394132557090527191e+00 1.394523284627577464e+00
8.484099294016034243e-01 8.680876759814759591e-01
5.536380620651887297e-01 5.534863302602924806e-01
3.630987542674982693e-01 3.655287840101133501e-01
2.438310436189484176e-01 2.418498655284814225e-01
1.689118530248167327e-01 1.679299484723704716e-01
1.184683872965465040e-01 1.189841618948956348e-01
8.405491204369103242e-02 8.360600864192513360e-02
6.074165297028247951e-02 5.926880395710149019e-02
4.301061525693049281e-02 4.372599936598046272e-02
5.668592505461134828e-02 5.630069324661981373e-02
3.089152125404648341e-02 3.073781291682057409e-02
1.782656070002549414e-02 1.845190772276544128e-02
1.069240330140302717e-02 1.064141908260787285e-02
6.383717753583011655e-03 6.222948611078697040e-03
7.181158408363116745e-03 7.208178872970598568e-03
