5.985626182865630085e+01 6.025916124504477978e+01
2.210982692673245431e+00 2.242268499311587338e+00
9.030111329035642731e-01 9.203466855058058949e-01
4.034648584572645413e-01 4.090608838488947185e-01
1.967400306707203228e-01 1.988822651543102338e-01
1.022257129438051970e-01 1.049164651640468876e-01
6.266768794276185439e-02 6.563602518633181171e-02
3.069647081273105260e-02 3.108287299032102061e-02
1.524182035150614158e-02 1.613989479158531651e-02
7.986525378444605042e-03 8.328116660264504520e-03
4.224975234959597523e-03 4.572348066174525445e-03
2.293945832949000063e-03 2.536903190534919514e-03
3.003039561957745844e-03 3.397998918850408685e-03
