5.989127776213754117e+01 6.025916124504477978e+01
2.269100226617169813e+00 2.242268499311587338e+00
9.115873550938763392e-01 9.203466855058058949e-01
4.121771846563230812e-01 4.090608838488947185e-01
2.035674066464017717e-01 1.988822651543102338e-01
1.015502341340854126e-01 1.049164651640468876e-01
6.561286043532882362e-02 6.563602518633181171e-02
3.189953788087211695e-02 3.108287299032102061e-02
1.624309487343649980e-02 1.613989479158531651e-02
8.511284644802229876e-03 8.328116660264504520e-03
4.705664904194463254e-03 4.572348066174525445e-03
2.598912489687892329e-03 2.536903190534919514e-03
3.903146085561328554e-03 3.397998918850408685e-03
