6.105519856985608840e+01 6.025916124504477978e+01
2.255795010521586708e+00 2.242268499311587338e+00
9.142676599434217399e-01 9.203466855058058949e-01
4.133375972460349157e-01 4.090608838488947185e-01
2.023735864194233514e-01 1.988822651543102338e-01
1.069086108015234043e-01 1.049164651640468876e-01
6.574521882932155004e-02 6.563602518633181171e-02
3.129252915149079162e-02 3.108287299032102061e-02
1.604187244424439343e-02 1.613989479158531651e-02
8.547759742565799040e-03 8.328116660264504520e-03
4.534659340046601032e-03 4.572348066174525445e-03
2.562526677905800805e-03 2.536903190534919514e-03
3.386815281115940907e-03 3.397998918850408685e-03
