5.962221839033268367e+01 6.025916124504477978e+01
2.185120467436025837e+00 2.242268499311587338e+00
8.879155382798296081e-01 9.203466855058058949e-01
3.944326247387791029e-01 4.090608838488947185e-01
1.909346273035484320e-01 1.988822651543102338e-01
9.846830315652595200e-02 1.049164651640468876e-01
5.977125075839585105e-02 6.563602518633181171e-02
2.891943644207027597e-02 3.108287299032102061e-02
1.414426842832921388e-02 1.613989479158531651e-02
7.274848733058003614e-03 8.328116660264504520e-03
3.779857618231397681e-03 4.572348066174525445e-03
2.015482855645199523e-03 2.536903190534919514e-03
2.687428323125655959e-03 3.397998918850408685e-03
