1.308742491044275084e+03 1.503009761992703034e+03
2.583048210849132147e+02 2.561037563387739624e+02
7.994164745104816916e+01 8.440629214423132964e+01
3.272397768637914339e+01 3.259768230510510278e+01
1.468919513810538291e+01 1.471794279917403614e+01
7.160493898397898960e+00 7.171908016124161733e+00
3.959194569497821004e+00 4.033531768911663207e+00
2.199387374622475910e+00 2.252031856257172393e+00
1.348468162503203116e+00 1.394523284627577464e+00
8.138544209939920782e-01 8.680876759814759591e-01
5.268403409560077355e-01 5.534863302602924806e-01
3.424980993810470831e-01 3.655287840101133501e-01
2.283193569608826523e-01 2.418498655284814225e-01
1.562268528594849271e-01 1.679299484723704716e-01
1.085834776807182017e-01 1.189841618948956348e-01
7.615567708419118675e-02 8.360600864192513360e-02
5.418255908471047988e-02 5.926880395710149019e-02
3.781943849102242794e-02 4.372599936598046272e-02
4.892578251334343820e-02 5.630069324661981373e-02
2.612949351401927522e-02 3.073781291682057409e-02
1.461274626871260536e-02 1.845190772276544128e-02
8.428212635684974308e-03 1.064141908260787285e-02
4.797485398939952024e-03 6.222948611078697040e-03
5.110525804273242066e-03 7.208178872970598568e-03
