1.215430461633595769e+03 1.503009761992703034e+03
2.578462331107442083e+02 2.561037563387739624e+02
7.750576597915603827e+01 8.440629214423132964e+01
3.188997062832888574e+01 3.259768230510510278e+01
1.460349810076237631e+01 1.471794279917403614e+01
7.140792171938771915e+00 7.171908016124161733e+00
3.895691717366293716e+00 4.033531768911663207e+00
2.206650082630611465e+00 2.252031856257172393e+00
1.312699453909291769e+00 1.394523284627577464e+00
8.255808231664892860e-01 8.680876759814759591e-01
5.244957913083346801e-01 5.534863302602924806e-01
3.413501131521742282e-01 3.655287840101133501e-01
2.275119965193934946e-01 2.418498655284814225e-01
1.535889269224780251e-01 1.679299484723704716e-01
1.061083920706013817e-01 1.189841618948956348e-01
7.450721631032090897e-02 8.360600864192513360e-02
5.052154562482363831e-02 5.926880395710149019e-02
3.734208347590262794e-02 4.372599936598046272e-02
4.726657389014195937e-02 5.630069324661981373e-02
2.540371536547720091e-02 3.073781291682057409e-02
1.408472973048663195e-02 1.845190772276544128e-02
7.851966909680915818e-03 1.064141908260787285e-02
4.492012991256055625e-03 6.222948611078697040e-03
4.787501657330958324e-03 7.208178872970598568e-03
