1.312600074183062588e+03 1.503009761992703034e+03
2.581965320899689686e+02 2.561037563387739624e+02
8.065349653121914741e+01 8.440629214423132964e+01
3.241139710182485345e+01 3.259768230510510278e+01
1.441416521210114787e+01 1.471794279917403614e+01
7.438678286711721377e+00 7.171908016124161733e+00
4.007456760619101388e+00 4.033531768911663207e+00
2.243193141925559075e+00 2.252031856257172393e+00
1.390914715232310694e+00 1.394523284627577464e+00
8.471074867813815912e-01 8.680876759814759591e-01
5.590898755410941279e-01 5.534863302602924806e-01
3.498557266721700199e-01 3.655287840101133501e-01
2.455809769950605403e-01 2.418498655284814225e-01
1.676075990532205628e-01 1.679299484723704716e-01
1.140778584479097690e-01 1.189841618948956348e-01
7.950302374596128485e-02 8.360600864192513360e-02
5.681160341609452907e-02 5.926880395710149019e-02
4.109091742235446848e-02 4.372599936598046272e-02
5.396886899681465483e-02 5.630069324661981373e-02
3.022592520995643142e-02 3.073781291682057409e-02
1.659602211010254361e-02 1.845190772276544128e-02
9.725730704339989249e-03 1.064141908260787285e-02
5.763511608383253305e-03 6.222948611078697040e-03
6.399794741234994706e-03 7.208178872970598568e-03
