5.873075360926215893e+01 6.025916124504477978e+01
2.085310980812432824e+00 2.242268499311587338e+00
8.277495202034027555e-01 9.203466855058058949e-01
3.562824358362876587e-01 4.090608838488947185e-01
1.663278954786740482e-01 1.988822651543102338e-01
8.087716112179656192e-02 1.049164651640468876e-01
4.905485283357944454e-02 6.563602518633181171e-02
2.186441498646539416e-02 3.108287299032102061e-02
1.039977562181739618e-02 1.613989479158531651e-02
5.126827409927399784e-03 8.328116660264504520e-03
2.736398981710600527e-03 4.572348066174525445e-03
1.513087515102000315e-03 2.536903190534919514e-03
9.238838108169791785e-03 3.397998918850408685e-03
