1.216530249478521910e+03 1.503009761992703034e+03
2.586408127908900383e+02 2.561037563387739624e+02
7.793478263944984974e+01 8.440629214423132964e+01
3.215819098069678716e+01 3.259768230510510278e+01
1.477499541692499818e+01 1.471794279917403614e+01
7.255226112893765844e+00 7.171908016124161733e+00
3.973106957876053169e+00 4.033531768911663207e+00
2.266599420213484706e+00 2.252031856257172393e+00
1.355122495664645710e+00 1.394523284627577464e+00
8.606456536379122335e-01 8.680876759814759591e-01
5.497290835316532842e-01 5.534863302602924806e-01
3.594777782955360657e-01 3.655287840101133501e-01
2.420761600474650166e-01 2.418498655284814225e-01
1.648920777418265704e-01 1.679299484723704716e-01
1.150003920345676611e-01 1.189841618948956348e-01
8.208635073727232889e-02 8.360600864192513360e-02
5.580170459942838251e-02 5.926880395710149019e-02
4.160180048816353171e-02 4.372599936598046272e-02
5.384499625514855420e-02 5.630069324661981373e-02
2.980940062939197582e-02 3.073781291682057409e-02
1.698747572836467254e-02 1.845190772276544128e-02
9.765490342414856820e-03 1.064141908260787285e-02
5.758519936381155044e-03 6.222948611078697040e-03
6.404836065887803583e-03 7.208178872970598568e-03
