1.315560661939352258e+03 1.503009761992703034e+03
2.561866638667723350e+02 2.561037563387739624e+02
8.014240726579298268e+01 8.440629214423132964e+01
3.262886274868785108e+01 3.259768230510510278e+01
1.462930994729668832e+01 1.471794279917403614e+01
7.423608539337678280e+00 7.171908016124161733e+00
3.966438224004415147e+00 4.033531768911663207e+00
2.279464790229634996e+00 2.252031856257172393e+00
1.395011745922990931e+00 1.394523284627577464e+00
8.659935720624447608e-01 8.680876759814759591e-01
5.521777945864333459e-01 5.534863302602924806e-01
3.620876509031759061e-01 3.655287840101133501e-01
2.540477446275139495e-01 2.418498655284814225e-01
1.698518570634033331e-01 1.679299484723704716e-01
1.168857770489165337e-01 1.189841618948956348e-01
8.488536132357502040e-02 8.360600864192513360e-02
5.945766103904499139e-02 5.926880395710149019e-02
4.270874295905451035e-02 4.372599936598046272e-02
5.629887204565500042e-02 5.630069324661981373e-02
3.116798696013616324e-02 3.073781291682057409e-02
1.811936973430874204e-02 1.845190772276544128e-02
1.061057571423432849e-02 1.064141908260787285e-02
6.278367439080942587e-03 6.222948611078697040e-03
7.187495018894205119e-03 7.208178872970598568e-03
