6.045644138082311514e+01 6.025916124504477978e+01
2.255942064312876472e+00 2.242268499311587338e+00
9.105160809961360124e-01 9.203466855058058949e-01
4.155565697845389206e-01 4.090608838488947185e-01
2.001850572088354763e-01 1.988822651543102338e-01
1.038009186368787778e-01 1.049164651640468876e-01
6.521106194800789513e-02 6.563602518633181171e-02
3.157812022248942391e-02 3.108287299032102061e-02
1.580721035266255750e-02 1.613989479158531651e-02
8.375828176459923155e-03 8.328116660264504520e-03
4.477439216768799683e-03 4.572348066174525445e-03
2.538684176936498692e-03 2.536903190534919514e-03
3.259433184081552901e-03 3.397998918850408685e-03
