6.099660394716249101e+01 6.025916124504477978e+01
2.210827785095975440e+00 2.242268499311587338e+00
8.925984849062358339e-01 9.203466855058058949e-01
4.033015377071828000e-01 4.090608838488947185e-01
1.944908499625051523e-01 1.988822651543102338e-01
9.776416633408263612e-02 1.049164651640468876e-01
6.069756809651451201e-02 6.563602518633181171e-02
2.918122061782382065e-02 3.108287299032102061e-02
1.406541010215709570e-02 1.613989479158531651e-02
7.140219035510076383e-03 8.328116660264504520e-03
3.839330452602538520e-03 4.572348066174525445e-03
2.487671641438400118e-03 2.536903190534919514e-03
9.080742886357180688e-02 3.397998918850408685e-03
