5.997097865561771357e+01 6.025916124504477978e+01
2.223746978953296427e+00 2.242268499311587338e+00
9.104971591947329523e-01 9.203466855058058949e-01
4.079696633389701677e-01 4.090608838488947185e-01
1.996548222974279529e-01 1.988822651543102338e-01
1.041273879527833679e-01 1.049164651640468876e-01
6.414896259378154164e-02 6.563602518633181171e-02
3.161729632256662925e-02 3.108287299032102061e-02
1.582002752395506723e-02 1.613989479158531651e-02
8.368891977096724541e-03 8.328116660264504520e-03
4.469843866900248021e-03 4.572348066174525445e-03
2.451501561597842476e-03 2.536903190534919514e-03
3.253023446546864442e-03 3.397998918850408685e-03
