1.025657463940226762e+03 1.503009761992703034e+03
2.572332730940022429e+02 2.561037563387739624e+02
8.378727768034704582e+01 8.440629214423132964e+01
3.201624699834297161e+01 3.259768230510510278e+01
1.480025985036953884e+01 1.471794279917403614e+01
7.315294151417115032e+00 7.171908016124161733e+00
3.911744910742993575e+00 4.033531768911663207e+00
2.263095390215046354e+00 2.252031856257172393e+00
1.315831167088184595e+00 1.394523284627577464e+00
8.151496154897299729e-01 8.680876759814759591e-01
5.380891900601606492e-01 5.534863302602924806e-01
3.387720257266843560e-01 3.655287840101133501e-01
2.292616801052242692e-01 2.418498655284814225e-01
1.603167868910761462e-01 1.679299484723704716e-01
1.044249859638823885e-01 1.189841618948956348e-01
7.355098849484395518e-02 8.360600864192513360e-02
5.433215457090857792e-02 5.926880395710149019e-02
3.819693229337382812e-02 4.372599936598046272e-02
4.893387493419164985e-02 5.630069324661981373e-02
2.608472897844904201e-02 3.073781291682057409e-02
1.443195899112388429e-02 1.845190772276544128e-02
7.961473001616410292e-03 1.064141908260787285e-02
4.607311027184791963e-03 6.222948611078697040e-03
4.827418405655639275e-03 7.208178872970598568e-03
