1.216663417544761387e+03 1.503009761992703034e+03
2.587370157024515152e+02 2.561037563387739624e+02
7.798680538318585320e+01 8.440629214423132964e+01
3.219078261313212153e+01 3.259768230510510278e+01
1.479588433401032788e+01 1.471794279917403614e+01
7.269207023679456370e+00 7.171908016124161733e+00
3.982597211993816000e+00 4.033531768911663207e+00
2.273978277655490210e+00 2.252031856257172393e+00
1.360366994485713299e+00 1.394523284627577464e+00
8.650016142546208542e-01 8.680876759814759591e-01
5.528805053088424737e-01 5.534863302602924806e-01
3.617550718940502064e-01 3.655287840101133501e-01
2.439183171413383533e-01 2.418498655284814225e-01
1.663318400439861566e-01 1.679299484723704716e-01
1.161416520390746582e-01 1.189841618948956348e-01
8.306796758719710294e-02 8.360600864192513360e-02
5.649190062234737270e-02 5.926880395710149019e-02
4.216387580754945436e-02 4.372599936598046272e-02
5.472746482938492529e-02 5.630069324661981373e-02
3.041496281634149812e-02 3.073781291682057409e-02
1.739855938713449207e-02 1.845190772276544128e-02
1.004629711762898558e-02 1.064141908260787285e-02
5.951834734794997014e-03 6.222948611078697040e-03
6.673068815226827766e-03 7.208178872970598568e-03
