1.316380986771662947e+03 1.503009761992703034e+03
2.548502607812202143e+02 2.561037563387739624e+02
7.982489595521374781e+01 8.440629214423132964e+01
3.259392321513446689e+01 3.259768230510510278e+01
1.476311913559400502e+01 1.471794279917403614e+01
7.309561369686086607e+00 7.171908016124161733e+00
4.061171178246747004e+00 4.033531768911663207e+00
2.279134662405577494e+00 2.252031856257172393e+00
1.366041729654211334e+00 1.394523284627577464e+00
8.663758021703508172e-01 8.680876759814759591e-01
5.499124452793106022e-01 5.534863302602924806e-01
3.637738155687450514e-01 3.655287840101133501e-01
2.496867236043214811e-01 2.418498655284814225e-01
1.676226173779299666e-01 1.679299484723704716e-01
1.155592637843517456e-01 1.189841618948956348e-01
8.610547659925336939e-02 8.360600864192513360e-02
5.949476417759849700e-02 5.926880395710149019e-02
4.381504792986756769e-02 4.372599936598046272e-02
5.682917895809749820e-02 5.630069324661981373e-02
3.094405989180599309e-02 3.073781291682057409e-02
1.753638526611751500e-02 1.845190772276544128e-02
1.058770789379752560e-02 1.064141908260787285e-02
6.483495802368987801e-03 6.222948611078697040e-03
7.233857628433489062e-03 7.208178872970598568e-03
