1.218378374755179266e+03 1.503009761992703034e+03
2.544205115585517660e+02 2.561037563387739624e+02
7.709627020467107172e+01 8.440629214423132964e+01
3.115534571276729636e+01 3.259768230510510278e+01
1.452938491639489627e+01 1.471794279917403614e+01
6.976403647028352140e+00 7.171908016124161733e+00
3.790165137830106890e+00 4.033531768911663207e+00
2.185090712645877620e+00 2.252031856257172393e+00
1.282098381488902428e+00 1.394523284627577464e+00
7.751647108294892341e-01 8.680876759814759591e-01
4.939928038952446920e-01 5.534863302602924806e-01
3.161731527650958329e-01 3.655287840101133501e-01
2.052707897051903041e-01 2.418498655284814225e-01
1.422569539910761849e-01 1.679299484723704716e-01
9.379484400176940628e-02 1.189841618948956348e-01
6.554239567551831125e-02 8.360600864192513360e-02
4.507641099676297503e-02 5.926880395710149019e-02
3.122421648158951735e-02 4.372599936598046272e-02
3.839711295165707666e-02 5.630069324661981373e-02
2.037851293491455690e-02 3.073781291682057409e-02
1.181988893787300904e-02 1.845190772276544128e-02
7.651271284099004158e-03 1.064141908260787285e-02
5.846130643396503339e-03 6.222948611078697040e-03
2.282297045429297275e-02 7.208178872970598568e-03
