1.407013779827387680e+03 1.503009761992703034e+03
2.556581648067326853e+02 2.561037563387739624e+02
7.901134464247682843e+01 8.440629214423132964e+01
3.219818120186651100e+01 3.259768230510510278e+01
1.466635138928354998e+01 1.471794279917403614e+01
7.244959047545059150e+00 7.171908016124161733e+00
3.918511000632291630e+00 4.033531768911663207e+00
2.342494657822090875e+00 2.252031856257172393e+00
1.385512707151942191e+00 1.394523284627577464e+00
8.484984182790071827e-01 8.680876759814759591e-01
5.390793607490277362e-01 5.534863302602924806e-01
3.545288350512365017e-01 3.655287840101133501e-01
2.403798691872140736e-01 2.418498655284814225e-01
1.667824622531280387e-01 1.679299484723704716e-01
1.151949805663548959e-01 1.189841618948956348e-01
8.098625424849612009e-02 8.360600864192513360e-02
5.859263988399601025e-02 5.926880395710149019e-02
4.146300910794506467e-02 4.372599936598046272e-02
5.393934830380534701e-02 5.630069324661981373e-02
2.908064972169993948e-02 3.073781291682057409e-02
1.615863560794476503e-02 1.845190772276544128e-02
9.629256297673992326e-03 1.064141908260787285e-02
5.695861476932156074e-03 6.222948611078697040e-03
6.337368866685452913e-03 7.208178872970598568e-03
