1.316366237553451128e+03 1.503009761992703034e+03
2.548415293456155553e+02 2.561037563387739624e+02
7.981994271720539302e+01 8.440629214423132964e+01
3.259083619795192277e+01 3.259768230510510278e+01
1.476120354749155261e+01 1.471794279917403614e+01
7.308192882746060270e+00 7.171908016124161733e+00
4.060237860008698796e+00 4.033531768911663207e+00
2.278457861028797105e+00 2.252031856257172393e+00
1.365548149348162488e+00 1.394523284627577464e+00
8.659997450051567514e-01 8.680876759814759591e-01
5.496253367706973592e-01 5.534863302602924806e-01
3.635628420609925970e-01 3.655287840101133501e-01
2.495054345868831791e-01 2.418498655284814225e-01
1.674887088872797636e-01 1.679299484723704716e-01
1.154516726316168612e-01 1.189841618948956348e-01
8.601388530054547565e-02 8.360600864192513360e-02
5.942321679434853926e-02 5.926880395710149019e-02
4.375790832428550631e-02 4.372599936598046272e-02
5.674326748167952961e-02 5.630069324661981373e-02
3.088731776425702666e-02 3.073781291682057409e-02
1.749796682071999218e-02 1.845190772276544128e-02
1.056031661954100025e-02 1.064141908260787285e-02
6.463836679464993532e-03 6.222948611078697040e-03
7.206343223471031213e-03 7.208178872970598568e-03
