6.119259413496472177e+01 6.025916124504477978e+01
2.232867977921643377e+00 2.242268499311587338e+00
9.058643199134622792e-01 9.203466855058058949e-01
4.114929340422511794e-01 4.090608838488947185e-01
1.999248079282297530e-01 1.988822651543102338e-01
1.014045288675546330e-01 1.049164651640468876e-01
6.363305994756351947e-02 6.563602518633181171e-02
3.120472136897453966e-02 3.108287299032102061e-02
1.524054975464828564e-02 1.613989479158531651e-02
7.864341404672559738e-03 8.328116660264504520e-03
4.232834385893656862e-03 4.572348066174525445e-03
2.408995721926731216e-03 2.536903190534919514e-03
3.495892941230865913e-02 3.397998918850408685e-03
