1.312014160239063813e+03 1.503009761992703034e+03
2.575491484029453204e+02 2.561037563387739624e+02
8.028268189151731349e+01 8.440629214423132964e+01
3.218987113183817428e+01 3.259768230510510278e+01
1.427780426623354515e+01 1.471794279917403614e+01
7.342931761468302732e+00 7.171908016124161733e+00
3.939756779105124895e+00 4.033531768911663207e+00
2.195802783757298648e+00 2.252031856257172393e+00
1.353132644604478685e+00 1.394523284627577464e+00
8.193871997083006509e-01 8.680876759814759591e-01
5.375992928408377391e-01 5.534863302602924806e-01
3.342691527893824621e-01 3.655287840101133501e-01
2.323083872976247077e-01 2.418498655284814225e-01
1.575632218301087628e-01 1.679299484723704716e-01
1.064463078106448607e-01 1.189841618948956348e-01
7.317576692363113311e-02 8.360600864192513360e-02
5.157877970563865683e-02 5.926880395710149019e-02
3.719376122458011719e-02 4.372599936598046272e-02
4.787943508306288787e-02 5.630069324661981373e-02
2.582270758206146183e-02 3.073781291682057409e-02
1.387539557765060660e-02 1.845190772276544128e-02
7.869401355590754585e-03 1.064141908260787285e-02
4.468853868560245489e-03 6.222948611078697040e-03
4.714197117179371073e-03 7.208178872970598568e-03
