6.079772211475529531e+01 6.025916124504477978e+01
2.227266664941006002e+00 2.242268499311587338e+00
8.978861284245823748e-01 9.203466855058058949e-01
4.034442781514304133e-01 4.090608838488947185e-01
1.960768345513931310e-01 1.988822651543102338e-01
1.028248685246087590e-01 1.049164651640468876e-01
6.255235765629529876e-02 6.563602518633181171e-02
2.936461742045141238e-02 3.108287299032102061e-02
1.482882178859551252e-02 1.613989479158531651e-02
7.755636043584443126e-03 8.328116660264504520e-03
4.038362066302538314e-03 4.572348066174525445e-03
2.234240525237081009e-03 2.536903190534919514e-03
2.771204928264197481e-03 3.397998918850408685e-03
