1.026023497904719989e+03 1.503009761992703034e+03
2.574900081190570518e+02 2.561037563387739624e+02
8.393035152299128754e+01 8.440629214423132964e+01
3.210504522484153256e+01 3.259768230510510278e+01
1.485921098517036221e+01 1.471794279917403614e+01
7.355739718598683474e+00 7.171908016124161733e+00
3.938936147145363886e+00 4.033531768911663207e+00
2.283352260087976759e+00 2.252031856257172393e+00
1.330195115620606439e+00 1.394523284627577464e+00
8.258864635560778655e-01 8.680876759814759591e-01
5.463587089712105271e-01 5.534863302602924806e-01
3.450379536474447728e-01 3.655287840101133501e-01
2.340609067937497734e-01 2.418498655284814225e-01
1.643774455455561667e-01 1.679299484723704716e-01
1.073447288282046302e-01 1.189841618948956348e-01
7.585603582874113349e-02 8.360600864192513360e-02
5.632572550200129480e-02 5.926880395710149019e-02
3.974614376574127361e-02 4.372599936598046272e-02
5.122458197228009491e-02 5.630069324661981373e-02
2.764369002575298856e-02 3.073781291682057409e-02
1.544747327708642821e-02 1.845190772276544128e-02
8.632396880911139686e-03 1.064141908260787285e-02
5.027410748805192717e-03 6.222948611078697040e-03
5.343056488253622970e-03 7.208178872970598568e-03
