1.026649088291879707e+03 1.503009761992703034e+03
2.579290848549647990e+02 2.561037563387739624e+02
8.417536764679516637e+01 8.440629214423132964e+01
3.225735947327562769e+01 3.259768230510510278e+01
1.496053125396174899e+01 1.471794279917403614e+01
7.425424803215999070e+00 7.171908016124161733e+00
3.985920669242487335e+00 4.033531768911663207e+00
2.318466858256116758e+00 2.252031856257172393e+00
1.355185695741337959e+00 1.394523284627577464e+00
8.446400197325012460e-01 8.680876759814759591e-01
5.608703436461254244e-01 5.534863302602924806e-01
3.560905398995365401e-01 3.655287840101133501e-01
2.425742387856087423e-01 2.418498655284814225e-01
1.716267351059788948e-01 1.679299484723704716e-01
1.125940619282687211e-01 1.189841618948956348e-01
8.003284182762621102e-02 8.360600864192513360e-02
5.996863141987440055e-02 5.926880395710149019e-02
4.260337698113108446e-02 4.372599936598046272e-02
5.551638464111701560e-02 5.630069324661981373e-02
3.064373309009974997e-02 3.073781291682057409e-02
1.746438377344742415e-02 1.845190772276544128e-02
1.002251715787423267e-02 1.064141908260787285e-02
5.949036666401483035e-03 6.222948611078697040e-03
6.633356627114832260e-03 7.208178872970598568e-03
