1.407650170313803301e+03 1.503009761992703034e+03
2.559946178015131295e+02 2.561037563387739624e+02
7.919422192516637438e+01 8.440629214423132964e+01
3.231187157469961591e+01 3.259768230510510278e+01
1.473881666025561543e+01 1.471794279917403614e+01
7.295016525901592885e+00 7.171908016124161733e+00
3.952418039704327590e+00 4.033531768911663207e+00
2.368187927365394962e+00 2.252031856257172393e+00
1.404269170579960369e+00 1.394523284627577464e+00
8.626685631532624576e-01 8.680876759814759591e-01
5.495478877415338470e-01 5.534863302602924806e-01
3.625623661717954915e-01 3.655287840101133501e-01
2.467980773817960993e-01 2.418498655284814225e-01
1.717630980884068681e-01 1.679299484723704716e-01
1.191657390219798551e-01 1.189841618948956348e-01
8.423062388943772238e-02 8.360600864192513360e-02
6.116072114418110578e-02 5.926880395710149019e-02
4.353256478663497520e-02 4.372599936598046272e-02
5.709513980629006558e-02 5.630069324661981373e-02
3.117130048573698090e-02 3.073781291682057409e-02
1.752441737113751702e-02 1.845190772276544128e-02
1.057747433152704357e-02 1.064141908260787285e-02
6.370905247680008938e-03 6.222948611078697040e-03
7.260830611568509611e-03 7.208178872970598568e-03
