1.407368393857572528e+03 1.503009761992703034e+03
2.558456348531571791e+02 2.561037563387739624e+02
7.911321691682316271e+01 8.440629214423132964e+01
3.226149217529976454e+01 3.259768230510510278e+01
1.470668925110123304e+01 1.471794279917403614e+01
7.272809934895725803e+00 7.171908016124161733e+00
3.937365623466758890e+00 4.033531768911663207e+00
2.356772962806852334e+00 2.252031856257172393e+00
1.395928557937747838e+00 1.394523284627577464e+00
8.563614560117526198e-01 8.680876759814759591e-01
5.448832707679316378e-01 5.534863302602924806e-01
3.589787186186321755e-01 3.655287840101133501e-01
2.439313322752228452e-01 2.418498655284814225e-01
1.695354858249701058e-01 1.679299484723704716e-01
1.173871854658422587e-01 1.189841618948956348e-01
8.277514743822336762e-02 8.360600864192513360e-02
6.000691102203691701e-02 5.926880395710149019e-02
4.260104049294839712e-02 4.372599936598046272e-02
5.567064364600286114e-02 5.630069324661981373e-02
3.022364162752932612e-02 3.073781291682057409e-02
1.690238259194730766e-02 1.845190772276544128e-02
1.014343874889923718e-02 1.064141908260787285e-02
6.060064867669683920e-03 6.222948611078697040e-03
6.831173631475317629e-03 7.208178872970598568e-03
