1.316203977784373365e+03 1.503009761992703034e+03
2.547455331429881369e+02 2.561037563387739624e+02
7.976549326778815896e+01 8.440629214423132964e+01
3.255691035078892526e+01 3.259768230510510278e+01
1.474015750043260731e+01 1.471794279917403614e+01
7.293163029031725308e+00 7.171908016124161733e+00
4.049991455149344333e+00 4.033531768911663207e+00
2.271030954368852051e+00 2.252031856257172393e+00
1.360134466782209950e+00 1.394523284627577464e+00
8.618773846220554313e-01 8.680876759814759591e-01
5.464799001672311363e-01 5.534863302602924806e-01
3.612529933320710041e-01 3.655287840101133501e-01
2.475219972102880028e-01 2.418498655284814225e-01
1.660247259110604334e-01 1.679299484723704716e-01
1.142764234575316395e-01 1.189841618948956348e-01
8.501429791639947275e-02 8.360600864192513360e-02
5.864312417820998630e-02 5.926880395710149019e-02
4.313551703962648781e-02 4.372599936598046272e-02
5.580888960634345503e-02 5.630069324661981373e-02
3.027159210629756791e-02 3.073781291682057409e-02
1.708215968221350051e-02 1.845190772276544128e-02
1.026471999151999138e-02 1.064141908260787285e-02
6.252321293860493151e-03 6.222948611078697040e-03
6.912034749918985477e-03 7.208178872970598568e-03
