6.070511387534020287e+01 6.025916124504477978e+01
2.233081507459950821e+00 2.242268499311587338e+00
9.166113155909844101e-01 9.203466855058058949e-01
4.123838472972694569e-01 4.090608838488947185e-01
2.025454541474392411e-01 1.988822651543102338e-01
1.040792586759377858e-01 1.049164651640468876e-01
6.586534913277729275e-02 6.563602518633181171e-02
3.163909183359622096e-02 3.108287299032102061e-02
1.635706390108472227e-02 1.613989479158531651e-02
8.528319518114974018e-03 8.328116660264504520e-03
4.556558764407458821e-03 4.572348066174525445e-03
2.595728600119493433e-03 2.536903190534919514e-03
3.504008196896737492e-03 3.397998918850408685e-03
