1.312725413347386166e+03 1.503009761992703034e+03
2.583350471229790628e+02 2.561037563387739624e+02
8.073294966928098404e+01 8.440629214423132964e+01
3.245894912286059508e+01 3.259768230510510278e+01
1.444350345554553705e+01 1.471794279917403614e+01
7.459333315190389335e+00 7.171908016124161733e+00
4.022103757814009306e+00 4.033531768911663207e+00
2.253484507527981684e+00 2.252031856257172393e+00
1.399152334506031270e+00 1.394523284627577464e+00
8.531786111689485530e-01 8.680876759814759591e-01
5.638200258315130275e-01 5.534863302602924806e-01
3.533073045008934265e-01 3.655287840101133501e-01
2.485395871291498360e-01 2.418498655284814225e-01
1.698641137355405839e-01 1.679299484723704716e-01
1.158030385161425840e-01 1.189841618948956348e-01
8.094801552448921411e-02 8.360600864192513360e-02
5.801766763010057087e-02 5.926880395710149019e-02
4.199842168456866670e-02 4.372599936598046272e-02
5.541454165922835712e-02 5.630069324661981373e-02
3.130448198990291170e-02 3.073781291682057409e-02
1.728742754091088657e-02 1.845190772276544128e-02
1.022564477199293387e-02 1.064141908260787285e-02
6.138513810815419101e-03 6.222948611078697040e-03
7.001266761742188337e-03 7.208178872970598568e-03
