1.307811278553825787e+03 1.503009761992703034e+03
2.632456432371798201e+02 2.561037563387739624e+02
7.856545040499170796e+01 8.440629214423132964e+01
3.170029100523435162e+01 3.259768230510510278e+01
1.492614448345447897e+01 1.471794279917403614e+01
7.524580588951804039e+00 7.171908016124161733e+00
3.982532745332761692e+00 4.033531768911663207e+00
2.310824817482408200e+00 2.252031856257172393e+00
1.349376662325055376e+00 1.394523284627577464e+00
8.446630548219947743e-01 8.680876759814759591e-01
5.383688381088258534e-01 5.534863302602924806e-01
3.561340411841951714e-01 3.655287840101133501e-01
2.431708385146502949e-01 2.418498655284814225e-01
1.656983523309971396e-01 1.679299484723704716e-01
1.155285479241102697e-01 1.189841618948956348e-01
8.043648272442871505e-02 8.360600864192513360e-02
6.257427724024153259e-02 5.926880395710149019e-02
4.095505914004547721e-02 4.372599936598046272e-02
5.278673814627760780e-02 5.630069324661981373e-02
2.918285220097553007e-02 3.073781291682057409e-02
1.694265248607899552e-02 1.845190772276544128e-02
9.762851622358504483e-03 1.064141908260787285e-02
5.715448661895498189e-03 6.222948611078697040e-03
6.249893199175004903e-03 7.208178872970598568e-03
