5.888765143423977122e+01 6.025916124504477978e+01
2.105574363749878053e+00 2.242268499311587338e+00
8.421439941195987267e-01 9.203466855058058949e-01
3.675205168626966556e-01 4.090608838488947185e-01
1.739953686278323253e-01 1.988822651543102338e-01
8.778471903206069848e-02 1.049164651640468876e-01
5.181941878902501797e-02 6.563602518633181171e-02
2.426317693572370773e-02 3.108287299032102061e-02
1.144337217263737862e-02 1.613989479158531651e-02
5.661108490299017297e-03 8.328116660264504520e-03
2.875854177356478632e-03 4.572348066174525445e-03
1.530391068537920000e-03 2.536903190534919514e-03
3.414152083735999196e-03 3.397998918850408685e-03
