5.863494735340167807e+01 6.025916124504477978e+01
1.960232930313186683e+00 2.242268499311587338e+00
7.486097807800180526e-01 9.203466855058058949e-01
3.198287520807150952e-01 4.090608838488947185e-01
1.433129867485079811e-01 1.988822651543102338e-01
6.733250409128922753e-02 1.049164651640468876e-01
4.103123455818317999e-02 6.563602518633181171e-02
2.149669197719398725e-02 3.108287299032102061e-02
1.498807224052001522e-02 1.613989479158531651e-02
1.367639686181639468e-02 8.328116660264504520e-03
1.874934071062658858e-02 4.572348066174525445e-03
3.377600455869798901e-02 2.536903190534919514e-03
7.407518354663665816e-01 3.397998918850408685e-03
