1.316319015931597050e+03 1.503009761992703034e+03
2.548135936636025463e+02 2.561037563387739624e+02
7.980409531953446844e+01 8.440629214423132964e+01
3.258096067238573568e+01 3.259768230510510278e+01
1.475507609729893232e+01 1.471794279917403614e+01
7.303816003555230196e+00 7.171908016124161733e+00
4.057253213106316814e+00 4.033531768911663207e+00
2.276293863679929697e+00 2.252031856257172393e+00
1.363970249847503702e+00 1.394523284627577464e+00
8.647977842081109312e-01 8.680876759814759591e-01
5.487078656309958280e-01 5.534863302602924806e-01
3.628888153895127866e-01 3.655287840101133501e-01
2.489263881790794164e-01 2.418498655284814225e-01
1.670611080502698853e-01 1.679299484723704716e-01
1.151082123569431154e-01 1.189841618948956348e-01
8.572159161724780818e-02 8.360600864192513360e-02
5.919496463936197578e-02 5.926880395710149019e-02
4.357568239915098063e-02 4.372599936598046272e-02
5.646942776461889163e-02 5.630069324661981373e-02
3.070659724341156388e-02 3.073781291682057409e-02
1.737571639538851645e-02 1.845190772276544128e-02
1.047324325560299203e-02 1.064141908260787285e-02
6.401407846379992585e-03 6.222948611078697040e-03
7.119144809122998629e-03 7.208178872970598568e-03
