6.020224265439250644e+01 6.025916124504477978e+01
2.246112228717608961e+00 2.242268499311587338e+00
9.205072516405058414e-01 9.203466855058058949e-01
4.107667451607302511e-01 4.090608838488947185e-01
2.004516566943081168e-01 1.988822651543102338e-01
1.015063015338023150e-01 1.049164651640468876e-01
6.553497249635002742e-02 6.563602518633181171e-02
3.126212143665652032e-02 3.108287299032102061e-02
1.613878449662797462e-02 1.613989479158531651e-02
8.418795247359641201e-03 8.328116660264504520e-03
4.568148231323002594e-03 4.572348066174525445e-03
2.497995910338884386e-03 2.536903190534919514e-03
3.444916603269885559e-03 3.397998918850408685e-03
