5.880136668815234202e+01 6.025916124504477978e+01
2.147851080869868312e+00 2.242268499311587338e+00
8.412945658001367288e-01 9.203466855058058949e-01
3.701920109691992922e-01 4.090608838488947185e-01
1.764423077679405094e-01 1.988822651543102338e-01
8.452415347478178798e-02 1.049164651640468876e-01
5.170479482908615920e-02 6.563602518633181171e-02
2.353502058818641302e-02 3.108287299032102061e-02
1.116324605123360583e-02 1.613989479158531651e-02
5.433702998910799886e-03 8.328116660264504520e-03
2.867460618481999183e-03 4.572348066174525445e-03
1.723090174357801672e-03 2.536903190534919514e-03
7.785522620250195924e-02 3.397998918850408685e-03
