1.216885648850352936e+03 1.503009761992703034e+03
2.588975685532631132e+02 2.561037563387739624e+02
7.807366575304610024e+01 8.440629214423132964e+01
3.224523172424328266e+01 3.259768230510510278e+01
1.483080611834630069e+01 1.471794279917403614e+01
7.292600127334415205e+00 7.171908016124161733e+00
3.998491516787727740e+00 4.033531768911663207e+00
2.286350293795563982e+00 2.252031856257172393e+00
1.369170992627076977e+00 1.394523284627577464e+00
8.723237901467914002e-01 8.680876759814759591e-01
5.581856383185029857e-01 5.534863302602924806e-01
3.655947773416450830e-01 3.655287840101133501e-01
2.470300521015825757e-01 2.418498655284814225e-01
1.687684139630216684e-01 1.679299484723704716e-01
1.180769298585664928e-01 1.189841618948956348e-01
8.473648464764178823e-02 8.360600864192513360e-02
5.766786630350657916e-02 5.926880395710149019e-02
4.312384563078637545e-02 4.372599936598046272e-02
5.624090762122296167e-02 5.630069324661981373e-02
3.145971315594090628e-02 3.073781291682057409e-02
1.811282979112051328e-02 1.845190772276544128e-02
1.053817728227145721e-02 1.064141908260787285e-02
6.293369435865001256e-03 6.222948611078697040e-03
7.154994405910942469e-03 7.208178872970598568e-03
