1.316097867620815350e+03 1.503009761992703034e+03
2.546827633149977999e+02 2.561037563387739624e+02
7.972990038663959922e+01 8.440629214423132964e+01
3.253474153920180356e+01 3.259768230510510278e+01
1.472641085311468601e+01 1.471794279917403614e+01
7.283351300186976296e+00 7.171908016124161733e+00
4.043306467467549403e+00 4.033531768911663207e+00
2.266188799469934789e+00 2.252031856257172393e+00
1.356607512992858977e+00 1.394523284627577464e+00
8.591940084363988150e-01 8.680876759814759591e-01
5.444342884235424673e-01 5.534863302602924806e-01
3.597522838902953990e-01 3.655287840101133501e-01
2.462347665909566663e-01 2.418498655284814225e-01
1.650756898923872174e-01 1.679299484723704716e-01
1.135155743193736466e-01 1.189841618948956348e-01
8.436806224712038726e-02 8.360600864192513360e-02
5.813953776533982432e-02 5.926880395710149019e-02
4.273434665287508677e-02 4.372599936598046272e-02
5.520803860720052691e-02 5.630069324661981373e-02
2.987706205284564043e-02 3.073781291682057409e-02
1.681681930899537117e-02 1.845190772276544128e-02
1.007696053827349982e-02 1.064141908260787285e-02
6.118616046751826701e-03 6.222948611078697040e-03
6.727743634742162047e-03 7.208178872970598568e-03
