5.999264242601489627e+01 6.025916124504477978e+01
2.204192014616893847e+00 2.242268499311587338e+00
8.808872393732909423e-01 9.203466855058058949e-01
3.976720954922085549e-01 4.090608838488947185e-01
1.890515303226744381e-01 1.988822651543102338e-01
9.649167470636799138e-02 1.049164651640468876e-01
5.948358882428265298e-02 6.563602518633181171e-02
2.812320053144137105e-02 3.108287299032102061e-02
1.363524361746857802e-02 1.613989479158531651e-02
7.022086071721092906e-03 8.328116660264504520e-03
3.621072399278548945e-03 4.572348066174525445e-03
1.974240963795777064e-03 2.536903190534919514e-03
2.398518978217141061e-03 3.397998918850408685e-03
