1.314053082988824372e+03 1.503009761992703034e+03
2.554225731499751930e+02 2.561037563387739624e+02
7.972738047039172216e+01 8.440629214423132964e+01
3.237119236543936296e+01 3.259768230510510278e+01
1.446493504910575645e+01 1.471794279917403614e+01
7.308625234094857426e+00 7.171908016124161733e+00
3.890982848389354931e+00 4.033531768911663207e+00
2.222560885754366833e+00 2.252031856257172393e+00
1.354674807776929724e+00 1.394523284627577464e+00
8.338573913364167867e-01 8.680876759814759591e-01
5.279458138805691592e-01 5.534863302602924806e-01
3.440188504844892137e-01 3.655287840101133501e-01
2.393176300015496805e-01 2.418498655284814225e-01
1.587655441612251250e-01 1.679299484723704716e-01
1.083358080908870674e-01 1.189841618948956348e-01
7.754904753911130710e-02 8.360600864192513360e-02
5.365083922891800139e-02 5.926880395710149019e-02
3.813622843337412249e-02 4.372599936598046272e-02
4.951958851460490363e-02 5.630069324661981373e-02
2.653631277677744732e-02 3.073781291682057409e-02
1.501012264500665126e-02 1.845190772276544128e-02
8.580102822344996827e-03 1.064141908260787285e-02
4.879323579206402972e-03 6.222948611078697040e-03
5.194141114656812899e-03 7.208178872970598568e-03
