1.026782773078614355e+03 1.503009761992703034e+03
2.580229562081414656e+02 2.561037563387739624e+02
8.422780363302206297e+01 8.440629214423132964e+01
3.228999638826054053e+01 3.259768230510510278e+01
1.498227436360904896e+01 1.471794279917403614e+01
7.440406674005083154e+00 7.171908016124161733e+00
3.996043959995852379e+00 4.033531768911663207e+00
2.326050671037867446e+00 2.252031856257172393e+00
1.360597583594424398e+00 1.394523284627577464e+00
8.487129525580749956e-01 8.680876759814759591e-01
5.640328787773265518e-01 5.534863302602924806e-01
3.585082012641251370e-01 3.655287840101133501e-01
2.444440268342799594e-01 2.418498655284814225e-01
1.732260991438193121e-01 1.679299484723704716e-01
1.137579559678678076e-01 1.189841618948956348e-01
8.096402061244059589e-02 8.360600864192513360e-02
6.078540004481387815e-02 5.926880395710149019e-02
4.324813758531226293e-02 4.372599936598046272e-02
5.649478496861432691e-02 5.630069324661981373e-02
3.133960079951390865e-02 3.073781291682057409e-02
1.794130078581792145e-02 1.845190772276544128e-02
1.035920412235722884e-02 1.064141908260787285e-02
6.179287632842154002e-03 6.222948611078697040e-03
6.975371007631360996e-03 7.208178872970598568e-03
