1.315730524498408158e+03 1.503009761992703034e+03
2.544654468489213741e+02 2.561037563387739624e+02
7.960673255410804927e+01 8.440629214423132964e+01
3.245807730089359922e+01 3.259768230510510278e+01
1.467890829842525413e+01 1.471794279917403614e+01
7.249478764285799848e+00 7.171908016124161733e+00
4.020253026005597974e+00 4.033531768911663207e+00
2.249510970477838434e+00 2.252031856257172393e+00
1.344475848147678620e+00 1.394523284627577464e+00
8.499781694767581941e-01 8.680876759814759591e-01
5.374202569649582095e-01 5.534863302602924806e-01
3.546158073086849716e-01 3.655287840101133501e-01
2.418376900901850202e-01 2.418498655284814225e-01
1.618405187492782116e-01 1.679299484723704716e-01
1.109282048689465144e-01 1.189841618948956348e-01
8.217598980767745753e-02 8.360600864192513360e-02
5.643598008815069178e-02 5.926880395710149019e-02
4.138106535890854337e-02 4.372599936598046272e-02
5.318999831409264301e-02 5.630069324661981373e-02
2.856081436882142166e-02 3.073781291682057409e-02
1.593842787958943061e-02 1.845190772276544128e-02
9.460884692633101181e-03 1.064141908260787285e-02
5.683999585226842156e-03 6.222948611078697040e-03
6.139831742935351368e-03 7.208178872970598568e-03
