1.315506642765398738e+03 1.503009761992703034e+03
2.561592667528801144e+02 2.561037563387739624e+02
8.012750650365555316e+01 8.440629214423132964e+01
3.261959643350320448e+01 3.259768230510510278e+01
1.462338672105730808e+01 1.471794279917403614e+01
7.419455411206185680e+00 7.171908016124161733e+00
3.963705195394676473e+00 4.033531768911663207e+00
2.277397171938391640e+00 2.252031856257172393e+00
1.393540977887636645e+00 1.394523284627577464e+00
8.648174080620436577e-01 8.680876759814759591e-01
5.512871502568987836e-01 5.534863302602924806e-01
3.614202797342161988e-01 3.655287840101133501e-01
2.535008952470577115e-01 2.418498655284814225e-01
1.694380537037403489e-01 1.679299484723704716e-01
1.165646545298574949e-01 1.189841618948956348e-01
8.460817827662490964e-02 8.360600864192513360e-02
5.923651824904487689e-02 5.926880395710149019e-02
4.253336719914248276e-02 4.372599936598046272e-02
5.603566316607768577e-02 5.630069324661981373e-02
3.098472222804942583e-02 3.073781291682057409e-02
1.799373583503405954e-02 1.845190772276544128e-02
1.052647512733157972e-02 1.064141908260787285e-02
6.218752688999756688e-03 6.222948611078697040e-03
7.097764882303869184e-03 7.208178872970598568e-03
