1.310699406725012750e+03 1.503009761992703034e+03
2.591124976411298917e+02 2.561037563387739624e+02
8.039423562524939371e+01 8.440629214423132964e+01
3.300401806927547455e+01 3.259768230510510278e+01
1.486651044912318831e+01 1.471794279917403614e+01
7.278560891859822135e+00 7.171908016124161733e+00
4.041457559178658343e+00 4.033531768911663207e+00
2.260039180599104469e+00 2.252031856257172393e+00
1.391313126992500759e+00 1.394523284627577464e+00
8.462673392593015320e-01 8.680876759814759591e-01
5.519686205633490550e-01 5.534863302602924806e-01
3.618087586878111495e-01 3.655287840101133501e-01
2.428542348739787804e-01 2.418498655284814225e-01
1.681081077133208257e-01 1.679299484723704716e-01
1.178381392413776346e-01 1.189841618948956348e-01
8.354756428766094145e-02 8.360600864192513360e-02
6.031724986126400789e-02 5.926880395710149019e-02
4.267168483300603360e-02 4.372599936598046272e-02
5.617317760865939841e-02 5.630069324661981373e-02
3.057035471005751029e-02 3.073781291682057409e-02
1.760507852657799965e-02 1.845190772276544128e-02
1.053228289394940453e-02 1.064141908260787285e-02
6.268155994396511395e-03 6.222948611078697040e-03
7.021873459569684915e-03 7.208178872970598568e-03
