4.684445479919246935e+01 4.663841776273630302e+01
7.132570528192220927e+00 7.367516564528550305e+00
6.272199988022215678e+00 6.253226917780812855e+00
2.228978067702664934e+00 2.242268499311587338e+00
9.069134972970241959e-01 9.203466855058058949e-01
4.069147103140904331e-01 4.090608838488947185e-01
1.976610756569164018e-01 1.988822651543102338e-01
1.017464043545385499e-01 1.049164651640468876e-01
6.346671228824114774e-02 6.563602518633181171e-02
3.105761504526661360e-02 3.108287299032102061e-02
1.546835302280461823e-02 1.613989479158531651e-02
8.225302447264942404e-03 8.328116660264504520e-03
4.338507358123608153e-03 4.572348066174525445e-03
2.392699185917029469e-03 2.536903190534919514e-03
3.189360859905082061e-03 3.397998918850408685e-03
