4.654372853106708163e+01 4.663841776273630302e+01
7.407330060072109035e+00 7.367516564528550305e+00
6.185950807422626596e+00 6.253226917780812855e+00
2.225261989012435659e+00 2.242268499311587338e+00
9.174410812099508261e-01 9.203466855058058949e-01
4.172135041061039162e-01 4.090608838488947185e-01
1.972359212251829641e-01 1.988822651543102338e-01
1.065129896291201056e-01 1.049164651640468876e-01
6.449775189965328837e-02 6.563602518633181171e-02
3.155378047375045208e-02 3.108287299032102061e-02
1.621057436478822236e-02 1.613989479158531651e-02
8.480807707277314769e-03 8.328116660264504520e-03
4.620208861609034767e-03 4.572348066174525445e-03
2.544263519326777061e-03 2.536903190534919514e-03
3.466151860221574309e-03 3.397998918850408685e-03
