4.688855682298979133e+01 4.663841776273630302e+01
7.144052362267989231e+00 7.367516564528550305e+00
6.286332317673177350e+00 6.253226917780812855e+00
2.236635135364613891e+00 2.242268499311587338e+00
9.113349444014315903e-01 9.203466855058058949e-01
4.096049912620074451e-01 4.090608838488947185e-01
1.993433753731383151e-01 1.988822651543102338e-01
1.028334053648044949e-01 1.049164651640468876e-01
6.435689815669441705e-02 6.563602518633181171e-02
3.161254932233013848e-02 3.108287299032102061e-02
1.581616310557066793e-02 1.613989479158531651e-02
8.455820233370655442e-03 8.328116660264504520e-03
4.487912854503433441e-03 4.572348066174525445e-03
2.493719800729020993e-03 2.536903190534919514e-03
3.314696591571018956e-03 3.397998918850408685e-03
