4.646945103933630605e+01 4.663841776273630302e+01
7.391612924814827679e+00 7.367516564528550305e+00
6.325740740187671740e+00 6.253226917780812855e+00
2.249807723500370837e+00 2.242268499311587338e+00
8.983002880556583136e-01 9.203466855058058949e-01
4.094135928590329487e-01 4.090608838488947185e-01
1.994695949526716083e-01 1.988822651543102338e-01
1.040270233750361512e-01 1.049164651640468876e-01
6.427261392260040507e-02 6.563602518633181171e-02
3.016399576755341566e-02 3.108287299032102061e-02
1.543484194903530296e-02 1.613989479158531651e-02
8.013623807920018313e-03 8.328116660264504520e-03
4.363806926886817754e-03 4.572348066174525445e-03
2.330122795079993172e-03 2.536903190534919514e-03
3.798053253755004442e-03 3.397998918850408685e-03
