4.658292439299609811e+01 4.663841776273630302e+01
7.304384895214918849e+00 7.367516564528550305e+00
6.295733884352653575e+00 6.253226917780812855e+00
2.244254926139384931e+00 2.242268499311587338e+00
9.101074917964926403e-01 9.203466855058058949e-01
4.187588593900153922e-01 4.090608838488947185e-01
2.002300163865553262e-01 1.988822651543102338e-01
1.025555922659677072e-01 1.049164651640468876e-01
6.394806910870992622e-02 6.563602518633181171e-02
3.142550017407416685e-02 3.108287299032102061e-02
1.588823662891379954e-02 1.613989479158531651e-02
8.393129175295031136e-03 8.328116660264504520e-03
4.476698103193154851e-03 4.572348066174525445e-03
2.548316635501173509e-03 2.536903190534919514e-03
3.261881448873033690e-03 3.397998918850408685e-03
