4.695052649675112377e+01 4.663841776273630302e+01
7.387936368276286636e+00 7.367516564528550305e+00
6.140057681471144946e+00 6.253226917780812855e+00
2.225497350039349786e+00 2.242268499311587338e+00
9.164703658374272477e-01 9.203466855058058949e-01
4.082524348726302987e-01 4.090608838488947185e-01
1.991336849473519521e-01 1.988822651543102338e-01
1.058944137847812883e-01 1.049164651640468876e-01
6.566294674567686729e-02 6.563602518633181171e-02
3.150972485162951281e-02 3.108287299032102061e-02
1.610689561546530327e-02 1.613989479158531651e-02
8.332294676650526047e-03 8.328116660264504520e-03
4.488917020158405581e-03 4.572348066174525445e-03
2.482625720762000020e-03 2.536903190534919514e-03
3.349383355615633776e-03 3.397998918850408685e-03
