4.738459289389859919e+01 4.663841776273630302e+01
7.459386551139651544e+00 7.367516564528550305e+00
6.224504761634618077e+00 6.253226917780812855e+00
2.237679570406934104e+00 2.242268499311587338e+00
9.129706135150018609e-01 9.203466855058058949e-01
4.175370351555379167e-01 4.090608838488947185e-01
2.026247303952106726e-01 1.988822651543102338e-01
1.029039050367079877e-01 1.049164651640468876e-01
6.579068297181311920e-02 6.563602518633181171e-02
3.171823180991470426e-02 3.108287299032102061e-02
1.624465069269303077e-02 1.613989479158531651e-02
8.342545774255888391e-03 8.328116660264504520e-03
4.712778834960649164e-03 4.572348066174525445e-03
2.528433256708488737e-03 2.536903190534919514e-03
3.442442781523456612e-03 3.397998918850408685e-03
