4.683232058033539147e+01 4.663841776273630302e+01
7.447725655488135921e+00 7.367516564528550305e+00
6.174150088109017886e+00 6.253226917780812855e+00
2.224783148953065837e+00 2.242268499311587338e+00
9.072998817658433079e-01 9.203466855058058949e-01
4.181219106680576503e-01 4.090608838488947185e-01
1.984350506730663266e-01 1.988822651543102338e-01
1.047065815511094844e-01 1.049164651640468876e-01
6.629372524734329641e-02 6.563602518633181171e-02
3.133918620484819201e-02 3.108287299032102061e-02
1.626833684368290955e-02 1.613989479158531651e-02
8.453960971183487744e-03 8.328116660264504520e-03
4.565127567210105694e-03 4.572348066174525445e-03
2.512681996480645944e-03 2.536903190534919514e-03
3.296070155805852931e-03 3.397998918850408685e-03
