4.655439745740013535e+01 4.663841776273630302e+01
7.410198868077168655e+00 7.367516564528550305e+00
6.189317227059754956e+00 6.253226917780812855e+00
2.227101331515275895e+00 2.242268499311587338e+00
9.185286963469599941e-01 9.203466855058058949e-01
4.178908113646651601e-01 4.090608838488947185e-01
1.976479065065080143e-01 1.988822651543102338e-01
1.067998119659624712e-01 1.049164651640468876e-01
6.472130756557967213e-02 6.563602518633181171e-02
3.169484017117655400e-02 3.108287299032102061e-02
1.630238501480981567e-02 1.613989479158531651e-02
8.542585989928450085e-03 8.328116660264504520e-03
4.661470751151500398e-03 4.572348066174525445e-03
2.573115457309776370e-03 2.536903190534919514e-03
3.426120256251598446e-03 3.397998918850408685e-03
