4.738162798268308507e+01 4.663841776273630302e+01
7.458600990321689217e+00 7.367516564528550305e+00
6.223575573157256180e+00 6.253226917780812855e+00
2.237172508574595930e+00 2.242268499311587338e+00
9.126764675204906974e-01 9.203466855058058949e-01
4.173566858866327167e-01 4.090608838488947185e-01
2.025119889851518529e-01 1.988822651543102338e-01
1.028305978907089607e-01 1.049164651640468876e-01
6.573255757082849260e-02 6.563602518633181171e-02
3.168253431043088764e-02 3.108287299032102061e-02
1.622174828342690805e-02 1.613989479158531651e-02
8.328016389752015969e-03 8.328116660264504520e-03
4.703186422163941650e-03 4.572348066174525445e-03
2.522236852452547536e-03 2.536903190534919514e-03
3.429929345370958359e-03 3.397998918850408685e-03
