4.737214127613500381e+01 4.663841776273630302e+01
7.456087652773906171e+00 7.367516564528550305e+00
6.220603032203269045e+00 6.253226917780812855e+00
2.235550534042445303e+00 2.242268499311587338e+00
9.117357226854032604e-01 9.203466855058058949e-01
4.167799917640180873e-01 4.090608838488947185e-01
2.021515618840910578e-01 1.988822651543102338e-01
1.025962974466091276e-01 1.049164651640468876e-01
6.554683981963678463e-02 6.563602518633181171e-02
3.156852358072240183e-02 3.108287299032102061e-02
1.614863600920250081e-02 1.613989479158531651e-02
8.281658316423929495e-03 8.328116660264504520e-03
4.672598940086102742e-03 4.572348066174525445e-03
2.502491716741459069e-03 2.536903190534919514e-03
3.390255508744152713e-03 3.397998918850408685e-03
