4.670228649221935058e+01 4.663841776273630302e+01
7.591646993512655150e+00 7.367516564528550305e+00
6.197933146628247236e+00 6.253226917780812855e+00
2.257968282106410651e+00 2.242268499311587338e+00
9.113936061582724735e-01 9.203466855058058949e-01
4.175816816851096180e-01 4.090608838488947185e-01
2.008555361353850377e-01 1.988822651543102338e-01
1.050832635765251433e-01 1.049164651640468876e-01
6.642613101598858483e-02 6.563602518633181171e-02
3.157689032301993354e-02 3.108287299032102061e-02
1.638309721585305689e-02 1.613989479158531651e-02
8.511432532526858746e-03 8.328116660264504520e-03
4.694771825951545366e-03 4.572348066174525445e-03
2.583226140306987047e-03 2.536903190534919514e-03
3.445310564711270840e-03 3.397998918850408685e-03
