4.695938167445935107e+01 4.663841776273630302e+01
7.390280694890106084e+00 7.367516564528550305e+00
6.142834233584481218e+00 6.253226917780812855e+00
2.226999214170605423e+00 2.242268499311587338e+00
9.173680057966256962e-01 9.203466855058058949e-01
4.087913911217699314e-01 4.090608838488947185e-01
1.994739708516702625e-01 1.988822651543102338e-01
1.061222073661319265e-01 1.049164651640468876e-01
6.584470481919266205e-02 6.563602518633181171e-02
3.162179044445308229e-02 3.108287299032102061e-02
1.617843387226760438e-02 1.613989479158531651e-02
8.378946020736466327e-03 8.328116660264504520e-03
4.519665001510939778e-03 4.572348066174525445e-03
2.503188834863489913e-03 2.536903190534919514e-03
3.377681987917762786e-03 3.397998918850408685e-03
