4.650650366254815538e+01 4.663841776273630302e+01
7.401534697640369309e+00 7.367516564528550305e+00
6.338024258902890118e+00 6.253226917780812855e+00
2.256422934455407869e+00 2.242268499311587338e+00
9.020662001675657793e-01 9.203466855058058949e-01
4.116917063058307957e-01 4.090608838488947185e-01
2.009713503771495546e-01 1.988822651543102338e-01
1.050415831824813295e-01 1.049164651640468876e-01
6.505335786445062829e-02 6.563602518633181171e-02
3.064074293721742726e-02 3.108287299032102061e-02
1.574339618132208213e-02 1.613989479158531651e-02
8.220334042818530987e-03 8.328116660264504520e-03
4.502661692209117099e-03 4.572348066174525445e-03
2.424197145916507506e-03 2.536903190534919514e-03
3.628027398368950922e-03 3.397998918850408685e-03
