4.710104055421072644e+01 4.663841776273630302e+01
7.207052040995844067e+00 7.367516564528550305e+00
6.207733816031633545e+00 6.253226917780812855e+00
2.252068385743851486e+00 2.242268499311587338e+00
9.139714156099736364e-01 9.203466855058058949e-01
4.151950795026960739e-01 4.090608838488947185e-01
2.018317627678734294e-01 1.988822651543102338e-01
1.038449336586854121e-01 1.049164651640468876e-01
6.532757399421594557e-02 6.563602518633181171e-02
3.183471848303284085e-02 3.108287299032102061e-02
1.605002451354232279e-02 1.613989479158531651e-02
8.465332720375111017e-03 8.328116660264504520e-03
4.523691246684874608e-03 4.572348066174525445e-03
2.518058159829007336e-03 2.536903190534919514e-03
4.177246044061742013e-03 3.397998918850408685e-03
