4.653439480062839806e+01 4.663841776273630302e+01
7.404820557092262945e+00 7.367516564528550305e+00
6.183006397095562434e+00 6.253226917780812855e+00
2.223653575535919025e+00 2.242268499311587338e+00
9.164902502795765349e-01 9.203466855058058949e-01
4.166215520321044918e-01 4.090608838488947185e-01
1.968760169610813127e-01 1.988822651543102338e-01
1.062625216339513901e-01 1.049164651640468876e-01
6.430264960291606768e-02 6.563602518633181171e-02
3.143076683620750489e-02 3.108287299032102061e-02
1.613057529411165633e-02 1.613989479158531651e-02
8.427011810935058564e-03 8.328116660264504520e-03
4.584338155706069867e-03 4.572348066174525445e-03
2.519201558648031039e-03 2.536903190534919514e-03
3.503577954932533128e-03 3.397998918850408685e-03
