4.737747734818285750e+01 4.663841776273630302e+01
7.457501348441807565e+00 7.367516564528550305e+00
6.222274944365013383e+00 6.253226917780812855e+00
2.236462778009845387e+00 2.242268499311587338e+00
9.122648003018631879e-01 9.203466855058058949e-01
4.171043045009621419e-01 4.090608838488947185e-01
2.023542373059612209e-01 1.988822651543102338e-01
1.027280384825700194e-01 1.049164651640468876e-01
6.565125329418620981e-02 6.563602518633181171e-02
3.163261328907836928e-02 3.108287299032102061e-02
1.618972869566734363e-02 1.613989479158531651e-02
8.307709177180034460e-03 8.328116660264504520e-03
4.689784023175285269e-03 4.572348066174525445e-03
2.513582684769905592e-03 2.536903190534919514e-03
3.412498248560001928e-03 3.397998918850408685e-03
