4.670084838850767994e+01 4.663841776273630302e+01
7.591262205093897819e+00 7.367516564528550305e+00
6.197483090634555047e+00 6.253226917780812855e+00
2.257722202192042893e+00 2.242268499311587338e+00
9.112521732813549935e-01 9.203466855058058949e-01
4.174944500603752218e-01 4.090608838488947185e-01
2.008013422956783645e-01 1.988822651543102338e-01
1.050477517942878247e-01 1.049164651640468876e-01
6.639770314645224158e-02 6.563602518633181171e-02
3.155966386187703671e-02 3.108287299032102061e-02
1.637224548786275768e-02 1.613989479158531651e-02
8.504531765160930346e-03 8.328116660264504520e-03
4.690173585176528499e-03 4.572348066174525445e-03
2.580221057158521569e-03 2.536903190534919514e-03
3.439478563991902813e-03 3.397998918850408685e-03
