4.707020052037145774e+01 4.663841776273630302e+01
7.198976405372605747e+00 7.367516564528550305e+00
6.197705525580248676e+00 6.253226917780812855e+00
2.246583457915324100e+00 2.242268499311587338e+00
9.107829042626509608e-01 9.203466855058058949e-01
4.132543662568243237e-01 4.090608838488947185e-01
2.005498319679439034e-01 1.988822651543102338e-01
1.029903860334105553e-01 1.049164651640468876e-01
6.462616976494924004e-02 6.563602518633181171e-02
3.139872853321649948e-02 3.108287299032102061e-02
1.576494617584091665e-02 1.613989479158531651e-02
8.271209672747107874e-03 8.328116660264504520e-03
4.388742833936688965e-03 4.572348066174525445e-03
2.420786109817409798e-03 2.536903190534919514e-03
5.446406378282569322e-03 3.397998918850408685e-03
