4.684047858190452729e+01 4.663841776273630302e+01
7.449979624407148115e+00 7.367516564528550305e+00
6.176692567110365850e+00 6.253226917780812855e+00
2.226182228269120156e+00 2.242268499311587338e+00
9.081237925758270935e-01 9.203466855058058949e-01
4.186329811243332810e-01 4.090608838488947185e-01
1.987487101422301672e-01 1.988822651543102338e-01
1.049166162198678365e-01 1.049164651640468876e-01
6.646067006526749921e-02 6.563602518633181171e-02
3.143956045160953977e-02 3.108287299032102061e-02
1.633223166736581800e-02 1.613989479158531651e-02
8.495779911773115520e-03 8.328116660264504520e-03
4.592151667419015933e-03 4.572348066174525445e-03
2.530659876765120348e-03 2.536903190534919514e-03
3.330213873382451700e-03 3.397998918850408685e-03
