4.669078263356189495e+01 4.663841776273630302e+01
7.588569084455429881e+00 7.367516564528550305e+00
6.194333333994427981e+00 6.253226917780812855e+00
2.256000235956145961e+00 2.242268499311587338e+00
9.102626376316017565e-01 9.203466855058058949e-01
4.168842409708112817e-01 4.090608838488947185e-01
2.004223172177672929e-01 1.988822651543102338e-01
1.047994431216051209e-01 1.049164651640468876e-01
6.619898828709422367e-02 6.563602518633181171e-02
3.143929245329432631e-02 3.108287299032102061e-02
1.629644868105285804e-02 1.613989479158531651e-02
8.456354466085088187e-03 8.328116660264504520e-03
4.658088246326526349e-03 4.572348066174525445e-03
2.559264829910487017e-03 2.536903190534919514e-03
3.398900899099327379e-03 3.397998918850408685e-03
