4.669845161192569805e+01 4.663841776273630302e+01
7.590620907707143594e+00 7.367516564528550305e+00
6.196733010358793869e+00 6.253226917780812855e+00
2.257312100442774749e+00 2.242268499311587338e+00
9.110164871197685699e-01 9.203466855058058949e-01
4.173490959939708533e-01 4.090608838488947185e-01
2.007110450154848680e-01 1.988822651543102338e-01
1.049885871504270124e-01 1.049164651640468876e-01
6.635034654845141378e-02 6.563602518633181171e-02
3.153097043735316601e-02 3.108287299032102061e-02
1.635417237365343127e-02 1.613989479158531651e-02
8.493040638708499596e-03 8.328116660264504520e-03
4.682518051992489404e-03 4.572348066174525445e-03
2.575218920476499487e-03 2.536903190534919514e-03
3.429777569814017324e-03 3.397998918850408685e-03
