4.644696730495466852e+01 4.663841776273630302e+01
7.385594375985197857e+00 7.367516564528550305e+00
6.318292447163697645e+00 6.253226917780812855e+00
2.245799149531164218e+00 2.242268499311587338e+00
8.960201767893205549e-01 9.203466855058058949e-01
4.080356715608851603e-01 4.090608838488947185e-01
1.985622987415447960e-01 1.988822651543102338e-01
1.034149178579060885e-01 1.049164651640468876e-01
6.380248337398486402e-02 6.563602518633181171e-02
2.987762812269690454e-02 3.108287299032102061e-02
1.525003319718595124e-02 1.613989479158531651e-02
7.890274479565013641e-03 8.328116660264504520e-03
4.281310563256991372e-03 4.572348066174525445e-03
2.274659041544555178e-03 2.536903190534919514e-03
3.915333545278194133e-03 3.397998918850408685e-03
