4.657290130304608766e+01 4.663841776273630302e+01
7.301736375422215097e+00 7.367516564528550305e+00
6.292518171551435557e+00 6.253226917780812855e+00
2.242515354562457208e+00 2.242268499311587338e+00
9.091044459237574982e-01 9.203466855058058949e-01
4.181509468475840263e-01 4.090608838488947185e-01
1.998469058849193791e-01 1.988822651543102338e-01
1.023069455433493480e-01 1.049164651640468876e-01
6.375551041169735811e-02 6.563602518633181171e-02
3.130463920855405119e-02 3.108287299032102061e-02
1.581296425123303664e-02 1.613989479158531651e-02
8.344447487682874615e-03 8.328116660264504520e-03
4.445353336261584527e-03 4.572348066174525445e-03
2.527342275090947547e-03 2.536903190534919514e-03
3.221732949396842547e-03 3.397998918850408685e-03
