4.738637192548524979e+01 4.663841776273630302e+01
7.459857927380987519e+00 7.367516564528550305e+00
6.225062337608997964e+00 6.253226917780812855e+00
2.237983848727046698e+00 2.242268499311587338e+00
9.131471414690569555e-01 9.203466855058058949e-01
4.176452764712388910e-01 4.090608838488947185e-01
2.026923992255645623e-01 1.988822651543102338e-01
1.029479092581807170e-01 1.049164651640468876e-01
6.582557789156917583e-02 6.563602518633181171e-02
3.173966584795995943e-02 3.108287299032102061e-02
1.625840475378766137e-02 1.613989479158531651e-02
8.351273191815012861e-03 8.328116660264504520e-03
4.718542118503906389e-03 4.572348066174525445e-03
2.532157101120963323e-03 2.536903190534919514e-03
3.449960631535654246e-03 3.397998918850408685e-03
