4.686111116110888020e+01 4.663841776273630302e+01
7.136906318464390608e+00 7.367516564528550305e+00
6.277535680209635593e+00 6.253226917780812855e+00
2.231868155011619947e+00 2.242268499311587338e+00
9.085817214697453625e-01 9.203466855058058949e-01
4.079293120501669700e-01 4.090608838488947185e-01
1.982952052295351708e-01 1.988822651543102338e-01
1.021559015980398055e-01 1.049164651640468876e-01
6.380180501526724890e-02 6.563602518633181171e-02
3.126629478157583186e-02 3.108287299032102061e-02
1.559898410218094750e-02 1.613989479158531651e-02
8.311757429416069889e-03 8.328116660264504520e-03
4.394445836973538515e-03 4.572348066174525445e-03
2.430449333779516070e-03 2.536903190534919514e-03
3.234780532485424277e-03 3.397998918850408685e-03
