4.736562007567533783e+01 4.663841776273630302e+01
7.454360193557144854e+00 7.367516564528550305e+00
6.218560017847276633e+00 6.253226917780812855e+00
2.234436001892623480e+00 2.242268499311587338e+00
9.110894342185726913e-01 9.203466855058058949e-01
4.163838966732288371e-01 4.090608838488947185e-01
2.019040738792326761e-01 1.988822651543102338e-01
1.024354662570147317e-01 1.049164651640468876e-01
6.541940983644273233e-02 6.563602518633181171e-02
3.149033722117070694e-02 3.108287299032102061e-02
1.609852701444751399e-02 1.613989479158531651e-02
8.249907772045953977e-03 8.328116660264504520e-03
4.651666196760951763e-03 4.572348066174525445e-03
2.488990878273039751e-03 2.536903190534919514e-03
3.363333404519720272e-03 3.397998918850408685e-03
