4.685234688907363676e+01 4.663841776273630302e+01
7.453259161754618667e+00 7.367516564528550305e+00
6.180392208952171451e+00 6.253226917780812855e+00
2.228218532795338103e+00 2.242268499311587338e+00
9.093232935586035293e-01 9.203466855058058949e-01
4.193772561764322893e-01 4.090608838488947185e-01
1.992056618995945994e-01 1.988822651543102338e-01
1.052227308225574254e-01 1.049164651640468876e-01
6.670411455597383132e-02 6.563602518633181171e-02
3.158603221402085659e-02 3.108287299032102061e-02
1.642554533684755652e-02 1.613989479158531651e-02
8.556905985508364218e-03 8.328116660264504520e-03
4.631697521966873961e-03 4.572348066174525445e-03
2.557018051368486599e-03 2.536903190534919514e-03
3.380816017862933818e-03 3.397998918850408685e-03
