4.722909754655662340e+01 4.663841776273630302e+01
7.326120946891518493e+00 7.367516564528550305e+00
6.238675563547091407e+00 6.253226917780812855e+00
2.248314273205330061e+00 2.242268499311587338e+00
9.120259387198212941e-01 9.203466855058058949e-01
4.092119376878972647e-01 4.090608838488947185e-01
1.987646916219490134e-01 1.988822651543102338e-01
1.041920477415546747e-01 1.049164651640468876e-01
6.444527074347412843e-02 6.563602518633181171e-02
3.134202083028729546e-02 3.108287299032102061e-02
1.607485636483771407e-02 1.613989479158531651e-02
8.088003972401442213e-03 8.328116660264504520e-03
4.459337225271984943e-03 4.572348066174525445e-03
2.420253298223012071e-03 2.536903190534919514e-03
3.164039254411763792e-03 3.397998918850408685e-03
