4.652239647816443835e+01 4.663841776273630302e+01
7.401595087763402248e+00 7.367516564528550305e+00
6.179222398049455833e+00 6.253226917780812855e+00
2.221587006503756623e+00 2.242268499311587338e+00
9.152689305723792357e-01 9.203466855058058949e-01
4.158614644385974501e-01 4.090608838488947185e-01
1.964140833795775254e-01 1.988822651543102338e-01
1.059412007681190954e-01 1.049164651640468876e-01
6.405250710828344629e-02 6.563602518633181171e-02
3.127317013426624687e-02 3.108287299032102061e-02
1.602819526653097293e-02 1.613989479158531651e-02
8.358242228976433402e-03 8.328116660264504520e-03
4.538571500777362211e-03 4.572348066174525445e-03
2.487246561681979388e-03 2.536903190534919514e-03
3.552877866689122671e-03 3.397998918850408685e-03
