4.711646641256078283e+01 4.663841776273630302e+01
7.211092419802749731e+00 7.367516564528550305e+00
6.212753117255656932e+00 6.253226917780812855e+00
2.254814783291831493e+00 2.242268499311587338e+00
9.155689654195833249e-01 9.203466855058058949e-01
4.161681625408344409e-01 4.090608838488947185e-01
2.024753088434343984e-01 1.988822651543102338e-01
1.042743694462867077e-01 1.049164651640468876e-01
6.568028391015975909e-02 6.563602518633181171e-02
3.205460502403355283e-02 3.108287299032102061e-02
1.619419354066348529e-02 1.613989479158531651e-02
8.563704636248009247e-03 8.328116660264504520e-03
4.592389047940981586e-03 4.572348066174525445e-03
2.567611444252654654e-03 2.536903190534919514e-03
3.530261747412573054e-03 3.397998918850408685e-03
