4.646125821298382164e+01 4.663841776273630302e+01
7.352730514570547271e+00 7.367516564528550305e+00
6.230524139033581044e+00 6.253226917780812855e+00
2.226188804344703787e+00 2.242268499311587338e+00
9.240900330531178763e-01 9.203466855058058949e-01
4.129169516417364183e-01 4.090608838488947185e-01
1.992357251238359994e-01 1.988822651543102338e-01
1.007279022440475125e-01 1.049164651640468876e-01
6.617051011368453584e-02 6.563602518633181171e-02
3.132545691874246557e-02 3.108287299032102061e-02
1.615111734074730493e-02 1.613989479158531651e-02
8.438307124208130686e-03 8.328116660264504520e-03
4.569606278129550135e-03 4.572348066174525445e-03
2.531902941744458395e-03 2.536903190534919514e-03
5.939529833377991432e-03 3.397998918850408685e-03
