4.647028953382552885e+01 4.663841776273630302e+01
7.355163432071236684e+00 7.367516564528550305e+00
6.233519391556631817e+00 6.253226917780812855e+00
2.227822949119372176e+00 2.242268499311587338e+00
9.250822550431493374e-01 9.203466855058058949e-01
4.135402411313558457e-01 4.090608838488947185e-01
1.996288994192937927e-01 1.988822651543102338e-01
1.009961547766119738e-01 1.049164651640468876e-01
6.640388203910824183e-02 6.563602518633181171e-02
3.147723866655650210e-02 3.108287299032102061e-02
1.626044209912144711e-02 1.613989479158531651e-02
8.514705590705804600e-03 8.328116660264504520e-03
4.626555665868912169e-03 4.572348066174525445e-03
2.573513592556741451e-03 2.536903190534919514e-03
4.007639668763798152e-03 3.397998918850408685e-03
