3.434636829527450885e+01 3.456364936589915260e+01
6.775772552974321350e+00 7.088210872585724687e+00
1.956694974856359792e+00 2.061399673244676212e+00
6.793706214784137609e-01 7.271740569105059615e-01
2.612971095854943471e-01 2.878529150594638653e-01
1.094966116274824625e-01 1.249618280396050524e-01
4.972615746039001777e-02 5.966555133154265167e-02
2.349310140824170320e-02 2.844222901213879634e-02
1.131864563563246898e-02 1.511461666659027515e-02
5.665139897452754064e-03 7.961931094105438936e-03
