3.458215987372842903e+01 3.456364936589915260e+01
7.025704413407362736e+00 7.088210872585724687e+00
1.991508649919628615e+00 2.061399673244676212e+00
6.944342635010511966e-01 7.271740569105059615e-01
2.727985848348740139e-01 2.878529150594638653e-01
1.154715432136593362e-01 1.249618280396050524e-01
5.241967999216136376e-02 5.966555133154265167e-02
2.533489904295311082e-02 2.844222901213879634e-02
1.290617929544930938e-02 1.511461666659027515e-02
6.416190954599755580e-03 7.961931094105438936e-03
