3.475712517108582489e+01 3.456364936589915260e+01
6.943819808142168704e+00 7.088210872585724687e+00
2.042661993993242664e+00 2.061399673244676212e+00
7.246928945408317446e-01 7.271740569105059615e-01
2.871091180448246960e-01 2.878529150594638653e-01
1.243210977366644987e-01 1.249618280396050524e-01
5.867164967937936459e-02 5.966555133154265167e-02
2.887885519577048851e-02 2.844222901213879634e-02
1.480944259930149290e-02 1.511461666659027515e-02
7.768441387520453288e-03 7.961931094105438936e-03
