3.465169670297413518e+01 3.456364936589915260e+01
6.900417518651199345e+00 7.088210872585724687e+00
2.020266474980518367e+00 2.061399673244676212e+00
7.127514011173514685e-01 7.271740569105059615e-01
2.802116793124744820e-01 2.878529150594638653e-01
1.202886501420352000e-01 1.249618280396050524e-01
5.618424941670746575e-02 5.966555133154265167e-02
2.734064375748493717e-02 2.844222901213879634e-02
1.377999530082247605e-02 1.511461666659027515e-02
7.121692309794985451e-03 7.961931094105438936e-03
