3.507421163383556006e+01 3.456364936589915260e+01
6.941580533264899877e+00 7.088210872585724687e+00
2.035827059907007186e+00 2.061399673244676212e+00
7.145756395904758751e-01 7.271740569105059615e-01
2.822978980564999074e-01 2.878529150594638653e-01
1.218764119209752861e-01 1.249618280396050524e-01
5.670872575741746358e-02 5.966555133154265167e-02
2.793226467352491124e-02 2.844222901213879634e-02
1.389703714700002077e-02 1.511461666659027515e-02
7.464953616799994626e-03 7.961931094105438936e-03
