3.477768105372553009e+01 3.456364936589915260e+01
7.108668135190150394e+00 7.088210872585724687e+00
2.032332710940566667e+00 2.061399673244676212e+00
7.163016879060674080e-01 7.271740569105059615e-01
2.854387189975763905e-01 2.878529150594638653e-01
1.230893600439700447e-01 1.249618280396050524e-01
5.695857195269472123e-02 5.966555133154265167e-02
2.822454967264484416e-02 2.844222901213879634e-02
1.477556679287404459e-02 1.511461666659027515e-02
7.616288474843765574e-03 7.961931094105438936e-03
