3.495801402669370361e+01 3.456364936589915260e+01
6.892496245995462623e+00 7.088210872585724687e+00
2.011083118399543679e+00 2.061399673244676212e+00
7.016789030268427707e-01 7.271740569105059615e-01
2.749334599683556646e-01 2.878529150594638653e-01
1.175757775999501237e-01 1.249618280396050524e-01
5.405511181965986373e-02 5.966555133154265167e-02
2.634673744289753317e-02 2.844222901213879634e-02
1.289689039634750629e-02 1.511461666659027515e-02
6.823160695215008814e-03 7.961931094105438936e-03
