3.402137761242003933e+01 3.456364936589915260e+01
6.644892471952804414e+00 7.088210872585724687e+00
1.891226174127236481e+00 2.061399673244676212e+00
6.458906525100107654e-01 7.271740569105059615e-01
2.429741569716623029e-01 2.878529150594638653e-01
9.951970812922876497e-02 1.249618280396050524e-01
4.412169499783945986e-02 5.966555133154265167e-02
2.043273231930480688e-02 2.844222901213879634e-02
9.585286005885257712e-03 1.511461666659027515e-02
4.822472325440003461e-03 7.961931094105438936e-03
