3.470102938091508094e+01 3.456364936589915260e+01
7.078245006567928321e+00 7.088210872585724687e+00
2.050613961462394830e+00 2.061399673244676212e+00
7.036560350779115236e-01 7.271740569105059615e-01
2.814269627567674847e-01 2.878529150594638653e-01
1.240283106757101989e-01 1.249618280396050524e-01
5.703638624360777426e-02 5.966555133154265167e-02
2.747608342591491629e-02 2.844222901213879634e-02
1.411691187046997149e-02 1.511461666659027515e-02
7.299336323752505726e-03 7.961931094105438936e-03
