3.449931648304205822e+01 3.456364936589915260e+01
6.838012934135462295e+00 7.088210872585724687e+00
1.988297229749879769e+00 2.061399673244676212e+00
6.958654773590275955e-01 7.271740569105059615e-01
2.705720621589952635e-01 2.878529150594638653e-01
1.147357184696075338e-01 1.249618280396050524e-01
5.282082720268752030e-02 5.966555133154265167e-02
2.530607028982746753e-02 2.844222901213879634e-02
1.245361822665497567e-02 1.511461666659027515e-02
6.316441316142499228e-03 7.961931094105438936e-03
