3.476056469986712472e+01 3.456364936589915260e+01
7.104167915809591172e+00 7.088210872585724687e+00
2.063883029642159972e+00 2.061399673244676212e+00
7.108103329657845526e-01 7.271740569105059615e-01
2.855803141950422619e-01 2.878529150594638653e-01
1.265328256659607187e-01 1.249618280396050524e-01
5.863218191891224340e-02 5.966555133154265167e-02
2.850541942906636636e-02 2.844222901213879634e-02
1.478418769759400585e-02 1.511461666659027515e-02
7.755265338124010463e-03 7.961931094105438936e-03
