3.446831760749198281e+01 3.456364936589915260e+01
6.977706422260847141e+00 7.088210872585724687e+00
1.968100955200080771e+00 2.061399673244676212e+00
6.820451599369208306e-01 7.271740569105059615e-01
2.657498853548518336e-01 2.878529150594638653e-01
1.113093779322773119e-01 1.249618280396050524e-01
5.000085049541506954e-02 5.966555133154265167e-02
2.384902590883005574e-02 2.844222901213879634e-02
1.198783482735001071e-02 1.511461666659027515e-02
5.860180620530009744e-03 7.961931094105438936e-03
