3.472640339197283055e+01 3.456364936589915260e+01
6.931153556155310369e+00 7.088210872585724687e+00
2.036112831616713414e+00 2.061399673244676212e+00
7.211915747380128749e-01 7.271740569105059615e-01
2.850801805522250043e-01 2.878529150594638653e-01
1.231301435495342766e-01 1.249618280396050524e-01
5.793340766317029572e-02 5.966555133154265167e-02
2.841970640884992558e-02 2.844222901213879634e-02
1.450007463816503639e-02 1.511461666659027515e-02
7.572452666063755715e-03 7.961931094105438936e-03
