3.459233698076030805e+01 3.456364936589915260e+01
6.739569669335060631e+00 7.088210872585724687e+00
1.935089029406823702e+00 2.061399673244676212e+00
6.627952692649062838e-01 7.271740569105059615e-01
2.532526406099638860e-01 2.878529150594638653e-01
1.052921028636164269e-01 1.249618280396050524e-01
4.675789572109372710e-02 5.966555133154265167e-02
2.218859842037397556e-02 2.844222901213879634e-02
1.043225270898275221e-02 1.511461666659027515e-02
5.361441080188496244e-03 7.961931094105438936e-03
