3.426794306994042216e+01 3.456364936589915260e+01
6.927379219580975800e+00 7.088210872585724687e+00
1.987856293422341603e+00 2.061399673244676212e+00
6.810015281737262782e-01 7.271740569105059615e-01
2.617856609336444706e-01 2.878529150594638653e-01
1.106825670319138977e-01 1.249618280396050524e-01
4.902413668332496893e-02 5.966555133154265167e-02
2.296924579368953001e-02 2.844222901213879634e-02
1.140995060442501208e-02 1.511461666659027515e-02
6.308256954329745370e-03 7.961931094105438936e-03
